"Vassdrag" "Vdrnr" "Aar" "ExpSmallMin" "FangstAndSmallMin" "ExpSmallMed" "FangstAndSmallMed" "ExpSmallMax" "FangstAndSmallMax" "ExpMellomMin" "FangstAndMellomMin" "ExpMellomMed" "FangstAndMellomMed" "ExpMellomMax" "FangstAndMellomMax" "ExpStorMin" "FangstAndStorMin" "ExpStorMed" "FangstAndStorMed" "ExpStorMax" "FangstAndStorMax"
"Enningdalselva" "001.1Z" 1993 0.5 0.5 0.55 0.55 0.7 0.7 0.3 0.3 0.4 0.4 0.6 0.6 0.2 0.2 0.3 0.3 0.45 0.45
"Enningdalselva" "001.1Z" 1994 0.5 0.5 0.55 0.55 0.7 0.7 0.3 0.3 0.4 0.4 0.6 0.6 0.2 0.2 0.3 0.3 0.45 0.45
"Enningdalselva" "001.1Z" 1995 0.5 0.5 0.55 0.55 0.7 0.7 0.3 0.3 0.4 0.4 0.6 0.6 0.2 0.2 0.3 0.3 0.45 0.45
"Enningdalselva" "001.1Z" 1996 0.5 0.5 0.55 0.55 0.7 0.7 0.3 0.3 0.4 0.4 0.6 0.6 0.2 0.2 0.3 0.3 0.45 0.45
"Enningdalselva" "001.1Z" 1997 0.5 0.5 0.55 0.55 0.7 0.7 0.3 0.3 0.4 0.4 0.6 0.6 0.2 0.2 0.3 0.3 0.45 0.45
"Enningdalselva" "001.1Z" 1998 0.5 0.5 0.55 0.55 0.7 0.7 0.3 0.3 0.4 0.4 0.6 0.6 0.2 0.2 0.3 0.3 0.45 0.45
"Enningdalselva" "001.1Z" 1999 0.5 0.5 0.55 0.55 0.7 0.7 0.3 0.3 0.4 0.4 0.6 0.6 0.2 0.2 0.3 0.3 0.45 0.45
"Enningdalselva" "001.1Z" 2000 0.5 0.5 0.55 0.55 0.7 0.7 0.3 0.3 0.4 0.4 0.6 0.6 0.2 0.2 0.3 0.3 0.45 0.45
"Enningdalselva" "001.1Z" 2001 0.5 0.5 0.55 0.55 0.7 0.7 0.3 0.3 0.4 0.4 0.6 0.6 0.2 0.2 0.3 0.3 0.45 0.45
"Enningdalselva" "001.1Z" 2002 0.5 0.5 0.55 0.55 0.7 0.7 0.3 0.3 0.4 0.4 0.6 0.6 0.2 0.2 0.3 0.3 0.45 0.45
"Enningdalselva" "001.1Z" 2003 0.5 0.5 0.55 0.55 0.7 0.7 0.3 0.3 0.4 0.4 0.6 0.6 0.2 0.2 0.3 0.3 0.45 0.45
"Enningdalselva" "001.1Z" 2004 0.5 0.5 0.55 0.55 0.7 0.7 0.3 0.3 0.4 0.4 0.6 0.6 0.2 0.2 0.3 0.3 0.45 0.45
"Enningdalselva" "001.1Z" 2005 0.5 0.5 0.55 0.55 0.7 0.7 0.3 0.3 0.4 0.4 0.6 0.6 0.2 0.2 0.3 0.3 0.45 0.45
"Enningdalselva" "001.1Z" 2006 0.5 0.5 0.55 0.55 0.7 0.7 0.3 0.3 0.4 0.4 0.6 0.6 0.2 0.2 0.3 0.3 0.45 0.45
"Enningdalselva" "001.1Z" 2007 0.5 0.5 0.55 0.55 0.7 0.7 0.3 0.3 0.4 0.4 0.6 0.6 0.2 0.2 0.3 0.3 0.45 0.45
"Enningdalselva" "001.1Z" 2008 0.4 0.4 0.45 0.45 0.6 0.6 0.2 0.2 0.3 0.3 0.5 0.5 0.1 0.1 0.2 0.2 0.35 0.35
"Enningdalselva" "001.1Z" 2009 0.4 0.4 0.45 0.45 0.6 0.6 0.2 0.2 0.3 0.3 0.5 0.5 0.1 0.1 0.2 0.2 0.35 0.35
"Enningdalselva" "001.1Z" 2010 0.4 0.4 0.45 0.45 0.6 0.6 0.2 0.2 0.3 0.3 0.5 0.5 0.1 0.1 0.2 0.2 0.35 0.35
"Enningdalselva" "001.1Z" 2011 0.4 0.4 0.45 0.45 0.6 0.6 0.2 0.2 0.3 0.3 0.5 0.5 0.1 0.1 0.2 0.2 0.35 0.35
"Enningdalselva" "001.1Z" 2012 0.5 0.5 0.55 0.55 0.7 0.7 0.3 0.3 0.4 0.4 0.6 0.6 0.2 0.2 0.3 0.3 0.45 0.45
"Enningdalselva" "001.1Z" 2013 0.4 0.4 0.45 0.45 0.6 0.6 0.2 0.2 0.3 0.3 0.5 0.5 0.1 0.1 0.2 0.2 0.35 0.35
"Enningdalselva" "001.1Z" 2014 0.4 0.4 0.45 0.45 0.6 0.6 0.2 0.2 0.3 0.3 0.5 0.5 0.1 0.1 0.2 0.2 0.35 0.35
"Enningdalselva" "001.1Z" 2015 0.5 0.5 0.55 0.55 0.7 0.7 0.3 0.3 0.4 0.4 0.6 0.6 0.2 0.2 0.3 0.3 0.45 0.45
"Enningdalselva" "001.1Z" 2016 0.4 0.4 0.45 0.45 0.6 0.6 0.2 0.2 0.3 0.3 0.5 0.5 0.1 0.1 0.2 0.2 0.35 0.35
"Enningdalselva" "001.1Z" 2017 0.4 0.4 0.45 0.45 0.6 0.6 0.2 0.2 0.3 0.3 0.5 0.5 0.1 0.1 0.2 0.2 0.35 0.35
"Enningdalselva" "001.1Z" 2018 0.1 0.1 0.15 0.15 0.2 0.2 0.1 0.1 0.15 0.15 0.25 0.25 0.05 0.05 0.1 0.1 0.15 0.15
"Enningdalselva" "001.1Z" 2019 0 0.1 0 0.15 0 0.2 0.0833333333333333 0.1 0.125 0.15 0.208333333333333 0.25 0.05 0.05 0.1 0.1 0.15 0.15
"Glomma" "002.Z" 1993 0.2 0.2 0.35 0.35 0.45 0.45 0.2 0.2 0.25 0.25 0.35 0.35 0.1 0.1 0.2 0.2 0.35 0.35
"Glomma" "002.Z" 1994 0.2 0.2 0.35 0.35 0.45 0.45 0.2 0.2 0.25 0.25 0.35 0.35 0.1 0.1 0.2 0.2 0.35 0.35
"Glomma" "002.Z" 1995 0.2 0.2 0.35 0.35 0.45 0.45 0.2 0.2 0.25 0.25 0.35 0.35 0.1 0.1 0.2 0.2 0.35 0.35
"Glomma" "002.Z" 1996 0.2 0.2 0.35 0.35 0.45 0.45 0.2 0.2 0.25 0.25 0.35 0.35 0.1 0.1 0.2 0.2 0.35 0.35
"Glomma" "002.Z" 1997 0.2 0.2 0.35 0.35 0.45 0.45 0.2 0.2 0.25 0.25 0.35 0.35 0.1 0.1 0.2 0.2 0.35 0.35
"Glomma" "002.Z" 1998 0.2 0.2 0.35 0.35 0.45 0.45 0.2 0.2 0.25 0.25 0.35 0.35 0.1 0.1 0.2 0.2 0.35 0.35
"Glomma" "002.Z" 1999 0.2 0.2 0.35 0.35 0.45 0.45 0.2 0.2 0.25 0.25 0.35 0.35 0.1 0.1 0.2 0.2 0.35 0.35
"Glomma" "002.Z" 2000 0.2 0.2 0.35 0.35 0.45 0.45 0.2 0.2 0.25 0.25 0.35 0.35 0.1 0.1 0.2 0.2 0.35 0.35
"Glomma" "002.Z" 2001 0.2 0.2 0.35 0.35 0.45 0.45 0.2 0.2 0.25 0.25 0.35 0.35 0.1 0.1 0.2 0.2 0.35 0.35
"Glomma" "002.Z" 2002 0.2 0.2 0.35 0.35 0.45 0.45 0.2 0.2 0.25 0.25 0.35 0.35 0.1 0.1 0.2 0.2 0.35 0.35
"Glomma" "002.Z" 2003 0.2 0.2 0.35 0.35 0.45 0.45 0.2 0.2 0.25 0.25 0.35 0.35 0.1 0.1 0.2 0.2 0.35 0.35
"Glomma" "002.Z" 2004 0.2 0.2 0.35 0.35 0.45 0.45 0.2 0.2 0.25 0.25 0.35 0.35 0.1 0.1 0.2 0.2 0.35 0.35
"Glomma" "002.Z" 2005 0.2 0.2 0.35 0.35 0.45 0.45 0.2 0.2 0.25 0.25 0.35 0.35 0.1 0.1 0.2 0.2 0.35 0.35
"Glomma" "002.Z" 2006 0.2 0.2 0.35 0.35 0.45 0.45 0.2 0.2 0.25 0.25 0.35 0.35 0.1 0.1 0.2 0.2 0.35 0.35
"Glomma" "002.Z" 2007 0.2 0.2 0.35 0.35 0.45 0.45 0.2 0.2 0.25 0.25 0.35 0.35 0.1 0.1 0.2 0.2 0.35 0.35
"Glomma" "002.Z" 2008 0.2 0.2 0.35 0.35 0.45 0.45 0.2 0.2 0.25 0.25 0.35 0.35 0.1 0.1 0.2 0.2 0.35 0.35
"Glomma" "002.Z" 2009 0.2 0.2 0.35 0.35 0.45 0.45 0.2 0.2 0.25 0.25 0.35 0.35 0.1 0.1 0.2 0.2 0.35 0.35
"Glomma" "002.Z" 2010 0.2 0.2 0.35 0.35 0.45 0.45 0.2 0.2 0.25 0.25 0.35 0.35 0.1 0.1 0.2 0.2 0.35 0.35
"Glomma" "002.Z" 2011 0.2 0.2 0.35 0.35 0.45 0.45 0.1 0.1 0.15 0.15 0.2 0.2 0.05 0.05 0.1 0.1 0.15 0.15
"Glomma" "002.Z" 2012 0.2 0.2 0.35 0.35 0.45 0.45 0.1 0.1 0.15 0.15 0.2 0.2 0.05 0.05 0.1 0.1 0.15 0.15
"Glomma" "002.Z" 2013 0.2 0.2 0.35 0.35 0.45 0.45 0.1 0.1 0.15 0.15 0.2 0.2 0.05 0.05 0.1 0.1 0.15 0.15
"Glomma" "002.Z" 2014 0.15 0.15 0.2 0.2 0.25 0.25 0.1 0.1 0.15 0.15 0.2 0.2 0.05 0.05 0.1 0.1 0.15 0.15
"Glomma" "002.Z" 2015 0.17 0.17 0.32 0.32 0.42 0.42 0.07 0.07 0.12 0.12 0.17 0.17 0.03 0.03 0.07 0.07 0.12 0.12
"Glomma" "002.Z" 2016 0.17 0.17 0.32 0.32 0.42 0.42 0.07 0.07 0.12 0.12 0.17 0.17 0.03 0.03 0.07 0.07 0.12 0.12
"Glomma" "002.Z" 2017 0.15 0.15 0.2 0.2 0.25 0.25 0.07 0.07 0.12 0.12 0.17 0.17 0.03 0.03 0.07 0.07 0.12 0.12
"Glomma" "002.Z" 2018 0.1 0.1 0.15 0.15 0.2 0.2 0.07 0.07 0.12 0.12 0.17 0.17 0.03 0.03 0.07 0.07 0.12 0.12
"Glomma" "002.Z" 2019 0.104761904761905 0.2 0.183333333333333 0.35 0.235714285714286 0.45 0.0184615384615385 0.2 0.0230769230769231 0.25 0.0323076923076923 0.35 0.0144067796610169 0.1 0.0288135593220339 0.2 0.0504237288135593 0.35
"Numedalslĺgen" "015.Z" 1993 0.3 0.3 0.45 0.45 0.55 0.55 0.3 0.3 0.35 0.35 0.45 0.45 0.2 0.2 0.3 0.3 0.45 0.45
"Numedalslĺgen" "015.Z" 1994 0.3 0.3 0.45 0.45 0.55 0.55 0.3 0.3 0.35 0.35 0.45 0.45 0.2 0.2 0.3 0.3 0.45 0.45
"Numedalslĺgen" "015.Z" 1995 0.3 0.3 0.45 0.45 0.55 0.55 0.3 0.3 0.35 0.35 0.45 0.45 0.2 0.2 0.3 0.3 0.45 0.45
"Numedalslĺgen" "015.Z" 1996 0.3 0.3 0.45 0.45 0.55 0.55 0.3 0.3 0.35 0.35 0.45 0.45 0.2 0.2 0.3 0.3 0.45 0.45
"Numedalslĺgen" "015.Z" 1997 0.3 0.3 0.45 0.45 0.55 0.55 0.3 0.3 0.35 0.35 0.45 0.45 0.2 0.2 0.3 0.3 0.45 0.45
"Numedalslĺgen" "015.Z" 1998 0.3 0.3 0.45 0.45 0.55 0.55 0.3 0.3 0.35 0.35 0.45 0.45 0.2 0.2 0.3 0.3 0.45 0.45
"Numedalslĺgen" "015.Z" 1999 0.3 0.3 0.45 0.45 0.55 0.55 0.3 0.3 0.35 0.35 0.45 0.45 0.2 0.2 0.3 0.3 0.45 0.45
"Numedalslĺgen" "015.Z" 2000 0.3 0.3 0.45 0.45 0.55 0.55 0.3 0.3 0.35 0.35 0.45 0.45 0.2 0.2 0.3 0.3 0.45 0.45
"Numedalslĺgen" "015.Z" 2001 0.3 0.3 0.45 0.45 0.55 0.55 0.3 0.3 0.35 0.35 0.45 0.45 0.2 0.2 0.3 0.3 0.45 0.45
"Numedalslĺgen" "015.Z" 2002 0.3 0.3 0.45 0.45 0.55 0.55 0.3 0.3 0.35 0.35 0.45 0.45 0.2 0.2 0.3 0.3 0.45 0.45
"Numedalslĺgen" "015.Z" 2003 0.3 0.3 0.45 0.45 0.55 0.55 0.3 0.3 0.35 0.35 0.45 0.45 0.2 0.2 0.3 0.3 0.45 0.45
"Numedalslĺgen" "015.Z" 2004 0.3 0.3 0.45 0.45 0.55 0.55 0.3 0.3 0.35 0.35 0.45 0.45 0.2 0.2 0.3 0.3 0.45 0.45
"Numedalslĺgen" "015.Z" 2005 0.3 0.3 0.45 0.45 0.55 0.55 0.3 0.3 0.35 0.35 0.45 0.45 0.2 0.2 0.3 0.3 0.45 0.45
"Numedalslĺgen" "015.Z" 2006 0.3 0.3 0.45 0.45 0.55 0.55 0.3 0.3 0.35 0.35 0.45 0.45 0.2 0.2 0.3 0.3 0.45 0.45
"Numedalslĺgen" "015.Z" 2007 0.3 0.3 0.45 0.45 0.55 0.55 0.3 0.3 0.35 0.35 0.45 0.45 0.2 0.2 0.3 0.3 0.45 0.45
"Numedalslĺgen" "015.Z" 2008 0.3 0.3 0.45 0.45 0.55 0.55 0.3 0.3 0.35 0.35 0.45 0.45 0.2 0.2 0.3 0.3 0.45 0.45
"Numedalslĺgen" "015.Z" 2009 0.3 0.3 0.45 0.45 0.55 0.55 0.3 0.3 0.35 0.35 0.45 0.45 0.2 0.2 0.3 0.3 0.45 0.45
"Numedalslĺgen" "015.Z" 2010 0.2 0.2 0.35 0.35 0.45 0.45 0.2 0.2 0.25 0.25 0.35 0.35 0.1 0.1 0.2 0.2 0.35 0.35
"Numedalslĺgen" "015.Z" 2011 0.2 0.2 0.35 0.35 0.45 0.45 0.2 0.2 0.25 0.25 0.35 0.35 0.1 0.1 0.2 0.2 0.35 0.35
"Numedalslĺgen" "015.Z" 2012 0.3 0.3 0.45 0.45 0.55 0.55 0.3 0.3 0.35 0.35 0.45 0.45 0.2 0.2 0.3 0.3 0.45 0.45
"Numedalslĺgen" "015.Z" 2013 0.3 0.3 0.45 0.45 0.55 0.55 0.3 0.3 0.35 0.35 0.45 0.45 0.2 0.2 0.3 0.3 0.45 0.45
"Numedalslĺgen" "015.Z" 2014 0.3 0.3 0.45 0.45 0.55 0.55 0.2 0.2 0.25 0.25 0.35 0.35 0.2 0.2 0.3 0.3 0.45 0.45
"Numedalslĺgen" "015.Z" 2015 0.3 0.3 0.45 0.45 0.55 0.55 0.3 0.3 0.35 0.35 0.45 0.45 0.2 0.2 0.3 0.3 0.45 0.45
"Numedalslĺgen" "015.Z" 2016 0.3 0.3 0.45 0.45 0.55 0.55 0.3 0.3 0.35 0.35 0.45 0.45 0.2 0.2 0.3 0.3 0.45 0.45
"Numedalslĺgen" "015.Z" 2017 0.3 0.3 0.45 0.45 0.55 0.55 0.3 0.3 0.35 0.35 0.45 0.45 0.2 0.2 0.3 0.3 0.45 0.45
"Numedalslĺgen" "015.Z" 2018 0.2 0.2 0.35 0.35 0.45 0.45 0.2 0.2 0.25 0.25 0.35 0.35 0.1 0.1 0.2 0.2 0.35 0.35
"Numedalslĺgen" "015.Z" 2019 0.293454545454545 0.3 0.440181818181818 0.45 0.538 0.55 0.296653796653797 0.3 0.346096096096096 0.35 0.444980694980695 0.45 0.195923566878981 0.2 0.293885350318471 0.3 0.440828025477707 0.45
"Sandvikselva" "008.Z" 1993 0.4 0.4 0.6 0.6 0.7 0.7 0.2 0.2 0.4 0.4 0.6 0.6 0 0 0 0 0 0
"Sandvikselva" "008.Z" 1994 0.4 0.4 0.6 0.6 0.7 0.7 0.2 0.2 0.4 0.4 0.6 0.6 0.1 0.1 0.3 0.3 0.5 0.5
"Sandvikselva" "008.Z" 1995 0.4 0.4 0.6 0.6 0.7 0.7 0.2 0.2 0.4 0.4 0.6 0.6 0 0 0 0 0 0
"Sandvikselva" "008.Z" 1996 0.4 0.4 0.6 0.6 0.7 0.7 0.2 0.2 0.4 0.4 0.6 0.6 0 0 0 0 0 0
"Sandvikselva" "008.Z" 1997 0.4 0.4 0.6 0.6 0.7 0.7 0.2 0.2 0.4 0.4 0.6 0.6 0.1 0.1 0.3 0.3 0.5 0.5
"Sandvikselva" "008.Z" 1998 0.4 0.4 0.6 0.6 0.7 0.7 0.2 0.2 0.4 0.4 0.6 0.6 0.1 0.1 0.3 0.3 0.5 0.5
"Sandvikselva" "008.Z" 1999 0.4 0.4 0.6 0.6 0.7 0.7 0.2 0.2 0.4 0.4 0.6 0.6 0 0 0 0 0 0
"Sandvikselva" "008.Z" 2000 0.4 0.4 0.6 0.6 0.7 0.7 0.2 0.2 0.4 0.4 0.6 0.6 0.1 0.1 0.3 0.3 0.5 0.5
"Sandvikselva" "008.Z" 2001 0.4 0.4 0.6 0.6 0.7 0.7 0.2 0.2 0.4 0.4 0.6 0.6 0 0 0 0 0 0
"Sandvikselva" "008.Z" 2002 0.4 0.4 0.6 0.6 0.7 0.7 0.2 0.2 0.4 0.4 0.6 0.6 0 0 0 0 0 0
"Sandvikselva" "008.Z" 2003 0.4 0.4 0.6 0.6 0.7 0.7 0.2 0.2 0.4 0.4 0.6 0.6 0 0 0 0 0 0
"Sandvikselva" "008.Z" 2004 0.4 0.4 0.6 0.6 0.7 0.7 0.2 0.2 0.4 0.4 0.6 0.6 0.1 0.1 0.3 0.3 0.5 0.5
"Sandvikselva" "008.Z" 2005 0.4 0.4 0.6 0.6 0.7 0.7 0 0 0 0 0 0 0 0 0 0 0 0
"Sandvikselva" "008.Z" 2006 0.4 0.4 0.6 0.6 0.7 0.7 0.2 0.2 0.4 0.4 0.6 0.6 0 0 0 0 0 0
"Sandvikselva" "008.Z" 2007 0.4 0.4 0.6 0.6 0.7 0.7 0.2 0.2 0.4 0.4 0.6 0.6 0.1 0.1 0.3 0.3 0.5 0.5
"Sandvikselva" "008.Z" 2008 0.4 0.4 0.6 0.6 0.7 0.7 0.2 0.2 0.4 0.4 0.6 0.6 0.1 0.1 0.3 0.3 0.5 0.5
"Sandvikselva" "008.Z" 2009 0.4 0.4 0.6 0.6 0.7 0.7 0.2 0.2 0.4 0.4 0.6 0.6 0 0 0 0 0 0
"Sandvikselva" "008.Z" 2010 0.6 0.6 0.7 0.7 0.8 0.8 0.4 0.4 0.5 0.5 0.7 0.7 0.3 0.3 0.4 0.4 0.6 0.6
"Sandvikselva" "008.Z" 2011 0.6 0.6 0.7 0.7 0.8 0.8 0.4 0.4 0.5 0.5 0.7 0.7 0.3 0.3 0.4 0.4 0.6 0.6
"Sandvikselva" "008.Z" 2012 0.6 0.6 0.7 0.7 0.8 0.8 0.4 0.4 0.5 0.5 0.7 0.7 0.3 0.3 0.4 0.4 0.6 0.6
"Sandvikselva" "008.Z" 2013 0.18 0.18 0.19 0.19 0.2 0.2 0.18 0.18 0.19 0.19 0.2 0.2 0.18 0.18 0.19 0.19 0.2 0.2
"Sandvikselva" "008.Z" 2014 0.18 0.18 0.19 0.19 0.2 0.2 0.18 0.18 0.19 0.19 0.2 0.2 0.18 0.18 0.19 0.19 0.2 0.2
"Sandvikselva" "008.Z" 2015 0.18 0.18 0.19 0.19 0.2 0.2 0.18 0.18 0.19 0.19 0.2 0.2 0 0 0 0 0 0
"Sandvikselva" "008.Z" 2016 0.18 0.18 0.19 0.19 0.2 0.2 0.18 0.18 0.19 0.19 0.2 0.2 0.18 0.18 0.19 0.19 0.2 0.2
"Sandvikselva" "008.Z" 2017 0.25 0.25 0.35 0.35 0.45 0.45 0.1 0.1 0.2 0.2 0.3 0.3 0.05 0.05 0.1 0.1 0.2 0.2
"Sandvikselva" "008.Z" 2018 0.25 0.25 0.35 0.35 0.45 0.45 0.1 0.1 0.2 0.2 0.3 0.3 0.05 0.05 0.1 0.1 0.2 0.2
"Sandvikselva" "008.Z" 2019 0.223684210526316 0.25 0.313157894736842 0.35 0.402631578947368 0.45 0.0820512820512821 0.1 0.164102564102564 0.2 0.246153846153846 0.3 0.05 0.05 0.1 0.1 0.2 0.2
"Skienselva" "016.Z" 1993 0.2 0.2 0.35 0.35 0.45 0.45 0.2 0.2 0.25 0.25 0.35 0.35 0.1 0.1 0.2 0.2 0.35 0.35
"Skienselva" "016.Z" 1994 0.2 0.2 0.35 0.35 0.45 0.45 0.2 0.2 0.25 0.25 0.35 0.35 0.1 0.1 0.2 0.2 0.35 0.35
"Skienselva" "016.Z" 1995 0.2 0.2 0.35 0.35 0.45 0.45 0.2 0.2 0.25 0.25 0.35 0.35 0.1 0.1 0.2 0.2 0.35 0.35
"Skienselva" "016.Z" 1996 0.2 0.2 0.35 0.35 0.45 0.45 0.2 0.2 0.25 0.25 0.35 0.35 0.1 0.1 0.2 0.2 0.35 0.35
"Skienselva" "016.Z" 1997 0.2 0.2 0.35 0.35 0.45 0.45 0.2 0.2 0.25 0.25 0.35 0.35 0.1 0.1 0.2 0.2 0.35 0.35
"Skienselva" "016.Z" 1998 0.2 0.2 0.35 0.35 0.45 0.45 0.2 0.2 0.25 0.25 0.35 0.35 0.1 0.1 0.2 0.2 0.35 0.35
"Skienselva" "016.Z" 1999 0.2 0.2 0.35 0.35 0.45 0.45 0.2 0.2 0.25 0.25 0.35 0.35 0.1 0.1 0.2 0.2 0.35 0.35
"Skienselva" "016.Z" 2000 0.2 0.2 0.35 0.35 0.45 0.45 0.2 0.2 0.25 0.25 0.35 0.35 0.1 0.1 0.2 0.2 0.35 0.35
"Skienselva" "016.Z" 2001 0.2 0.2 0.35 0.35 0.45 0.45 0.2 0.2 0.25 0.25 0.35 0.35 0.1 0.1 0.2 0.2 0.35 0.35
"Skienselva" "016.Z" 2002 0.2 0.2 0.35 0.35 0.45 0.45 0.2 0.2 0.25 0.25 0.35 0.35 0.1 0.1 0.2 0.2 0.35 0.35
"Skienselva" "016.Z" 2003 0.2 0.2 0.35 0.35 0.45 0.45 0.2 0.2 0.25 0.25 0.35 0.35 0.1 0.1 0.2 0.2 0.35 0.35
"Skienselva" "016.Z" 2004 0.2 0.2 0.35 0.35 0.45 0.45 0.2 0.2 0.25 0.25 0.35 0.35 0.1 0.1 0.2 0.2 0.35 0.35
"Skienselva" "016.Z" 2005 0.2 0.2 0.35 0.35 0.45 0.45 0.2 0.2 0.25 0.25 0.35 0.35 0.1 0.1 0.2 0.2 0.35 0.35
"Skienselva" "016.Z" 2006 0.2 0.2 0.35 0.35 0.45 0.45 0.2 0.2 0.25 0.25 0.35 0.35 0.1 0.1 0.2 0.2 0.35 0.35
"Skienselva" "016.Z" 2007 0.2 0.2 0.35 0.35 0.45 0.45 0.2 0.2 0.25 0.25 0.35 0.35 0.1 0.1 0.2 0.2 0.35 0.35
"Skienselva" "016.Z" 2008 0.2 0.2 0.35 0.35 0.45 0.45 0.2 0.2 0.25 0.25 0.35 0.35 0.1 0.1 0.2 0.2 0.35 0.35
"Skienselva" "016.Z" 2009 0.2 0.2 0.35 0.35 0.45 0.45 0.2 0.2 0.25 0.25 0.35 0.35 0.1 0.1 0.2 0.2 0.35 0.35
"Skienselva" "016.Z" 2010 0.2 0.2 0.35 0.35 0.45 0.45 0.2 0.2 0.25 0.25 0.35 0.35 0.1 0.1 0.2 0.2 0.35 0.35
"Skienselva" "016.Z" 2011 0.2 0.2 0.35 0.35 0.45 0.45 0.2 0.2 0.25 0.25 0.35 0.35 0.1 0.1 0.2 0.2 0.35 0.35
"Skienselva" "016.Z" 2012 0.2 0.2 0.35 0.35 0.45 0.45 0.2 0.2 0.25 0.25 0.35 0.35 0.1 0.1 0.2 0.2 0.35 0.35
"Skienselva" "016.Z" 2013 0.2 0.2 0.22 0.22 0.25 0.25 0.2 0.2 0.22 0.22 0.25 0.25 0.2 0.2 0.22 0.22 0.25 0.25
"Skienselva" "016.Z" 2014 0.15 0.15 0.16 0.16 0.2 0.2 0.15 0.15 0.16 0.16 0.2 0.2 0.15 0.15 0.16 0.16 0.2 0.2
"Skienselva" "016.Z" 2015 0.17 0.17 0.18 0.18 0.2 0.2 0.17 0.17 0.18 0.18 0.2 0.2 0.17 0.17 0.18 0.18 0.2 0.2
"Skienselva" "016.Z" 2016 0.17 0.17 0.18 0.18 0.2 0.2 0.17 0.17 0.18 0.18 0.2 0.2 0.17 0.17 0.18 0.18 0.2 0.2
"Skienselva" "016.Z" 2017 0.177061725 0.177061725 0.1869946 0.1869946 0.20628135 0.20628135 0.177061725 0.177061725 0.1869946 0.1869946 0.20628135 0.20628135 0.177061725 0.177061725 0.1869946 0.1869946 0.20628135 0.20628135
"Skienselva" "016.Z" 2018 0.06 0.06 0.065 0.065 0.07 0.07 0.06 0.06 0.065 0.065 0.07 0.07 0.06 0.06 0.065 0.065 0.07 0.07
"Skienselva" "016.Z" 2019 0.19 0.19 0.21 0.21 0.23 0.23 0.19 0.19 0.21 0.21 0.23 0.23 0.19 0.19 0.21 0.21 0.23 0.23
"Ĺroselva" "009.Z" 1993 0.4 0.4 0.7 0.7 0.9 0.9 0 0 0 0 0 0 0 0 0 0 0 0
"Ĺroselva" "009.Z" 1994 0.4 0.4 0.7 0.7 0.9 0.9 0.2 0.2 0.5 0.5 0.8 0.8 0.1 0.1 0.4 0.4 0.7 0.7
"Ĺroselva" "009.Z" 1995 0.4 0.4 0.7 0.7 0.9 0.9 0.2 0.2 0.5 0.5 0.8 0.8 0.1 0.1 0.4 0.4 0.7 0.7
"Ĺroselva" "009.Z" 1996 0.4 0.4 0.7 0.7 0.9 0.9 0.2 0.2 0.5 0.5 0.8 0.8 0.1 0.1 0.4 0.4 0.7 0.7
"Ĺroselva" "009.Z" 1997 0.4 0.4 0.7 0.7 0.9 0.9 0.2 0.2 0.5 0.5 0.8 0.8 0.1 0.1 0.4 0.4 0.7 0.7
"Ĺroselva" "009.Z" 1998 0.4 0.4 0.7 0.7 0.9 0.9 0.2 0.2 0.5 0.5 0.8 0.8 0.1 0.1 0.4 0.4 0.7 0.7
"Ĺroselva" "009.Z" 1999 0.4 0.4 0.7 0.7 0.9 0.9 0.2 0.2 0.5 0.5 0.8 0.8 0.1 0.1 0.4 0.4 0.7 0.7
"Ĺroselva" "009.Z" 2000 NA NA NA NA NA NA NA NA NA NA NA NA NA NA NA NA NA NA
"Ĺroselva" "009.Z" 2001 NA NA NA NA NA NA NA NA NA NA NA NA NA NA NA NA NA NA
"Ĺroselva" "009.Z" 2002 0.4 0.4 0.7 0.7 0.9 0.9 0.2 0.2 0.5 0.5 0.8 0.8 0.1 0.1 0.4 0.4 0.7 0.7
"Ĺroselva" "009.Z" 2003 0.4 0.4 0.7 0.7 0.9 0.9 0.2 0.2 0.5 0.5 0.8 0.8 0.1 0.1 0.4 0.4 0.7 0.7
"Ĺroselva" "009.Z" 2004 0.4 0.4 0.7 0.7 0.9 0.9 0.2 0.2 0.5 0.5 0.8 0.8 0.1 0.1 0.4 0.4 0.7 0.7
"Ĺroselva" "009.Z" 2005 0.4 0.4 0.7 0.7 0.9 0.9 0 0 0 0 0 0 0 0 0 0 0 0
"Ĺroselva" "009.Z" 2006 0.4 0.4 0.7 0.7 0.9 0.9 0.2 0.2 0.5 0.5 0.8 0.8 0.1 0.1 0.4 0.4 0.7 0.7
"Ĺroselva" "009.Z" 2007 0.4 NA 0.7 NA 0.9 NA 0 0 0 0 0 0 0.1 0.1 0.4 0.4 0.7 0.7
"Ĺroselva" "009.Z" 2008 0.4 0.4 0.7 0.7 0.9 0.9 0.2 0.2 0.5 0.5 0.8 0.8 0 0 0 0 0 0
"Ĺroselva" "009.Z" 2009 0.4 0.4 0.7 0.7 0.9 0.9 0.2 0.2 0.5 0.5 0.8 0.8 0 0 0 0 0 0
"Ĺroselva" "009.Z" 2010 0.6 0.6 0.7 0.7 0.8 0.8 0.4 0.4 0.5 0.5 0.7 0.7 0.3 0.3 0.4 0.4 0.6 0.6
"Ĺroselva" "009.Z" 2011 NA NA NA NA NA NA NA NA NA NA NA NA NA NA NA NA NA NA
"Ĺroselva" "009.Z" 2012 NA NA NA NA NA NA NA NA NA NA NA NA NA NA NA NA NA NA
"Ĺroselva" "009.Z" 2013 0.5 0.5 0.6 0.6 0.7 0.7 0.3 0.3 0.4 0.4 0.6 0.6 0 0 0 0 0 0
"Ĺroselva" "009.Z" 2014 0.5 0.5 0.6 0.6 0.7 0.7 0.3 0.3 0.4 0.4 0.6 0.6 0 0 0 0 0 0
"Ĺroselva" "009.Z" 2015 0.5 0.5 0.6 0.6 0.7 0.7 0.3 0.3 0.4 0.4 0.6 0.6 0.2 0.2 0.3 0.3 0.5 0.5
"Ĺroselva" "009.Z" 2016 0.5 0.5 0.6 0.6 0.7 0.7 0.3 0.3 0.4 0.4 0.6 0.6 0.2 0.2 0.3 0.3 0.5 0.5
"Ĺroselva" "009.Z" 2017 0.5 0.5 0.6 0.6 0.7 0.7 0.3 0.3 0.4 0.4 0.6 0.6 0.2 0.2 0.3 0.3 0.5 0.5
"Ĺroselva" "009.Z" 2018 0.25 0.25 0.35 0.35 0.45 0.45 0.2 0.2 0.3 0.3 0.5 0.5 0 0 0 0 0 0
"Ĺroselva" "009.Z" 2019 0.467741935483871 0.5 0.561290322580645 0.6 0.654838709677419 0.7 0.3 0.3 0.4 0.4 0.6 0.6 0.175 0.2 0.2625 0.3 0.4375 0.5
"Audna" "023.Z" 1993 NA NA NA NA NA NA NA NA NA NA NA NA NA NA NA NA NA NA
"Audna" "023.Z" 1994 NA NA NA NA NA NA NA NA NA NA NA NA NA NA NA NA NA NA
"Audna" "023.Z" 1995 0.6 0.6 0.65 0.65 0.8 0.8 0.4 0.4 0.5 0.5 0.7 0.7 0.3 0.3 0.4 0.4 0.55 0.55
"Audna" "023.Z" 1996 0.6 0.6 0.65 0.65 0.8 0.8 0.4 0.4 0.5 0.5 0.7 0.7 0.3 0.3 0.4 0.4 0.55 0.55
"Audna" "023.Z" 1997 0.6 0.6 0.65 0.65 0.8 0.8 0.4 0.4 0.5 0.5 0.7 0.7 0 0 0 0 0 0
"Audna" "023.Z" 1998 0.6 0.6 0.65 0.65 0.8 0.8 0.4 0.4 0.5 0.5 0.7 0.7 0.3 0.3 0.4 0.4 0.55 0.55
"Audna" "023.Z" 1999 NA NA NA NA NA NA NA NA NA NA NA NA NA NA NA NA NA NA
"Audna" "023.Z" 2000 0.6 0.6 0.65 0.65 0.8 0.8 0.4 0.4 0.5 0.5 0.7 0.7 0.3 0.3 0.4 0.4 0.55 0.55
"Audna" "023.Z" 2001 0.6 0.6 0.65 0.65 0.8 0.8 0.4 0.4 0.5 0.5 0.7 0.7 0.3 0.3 0.4 0.4 0.55 0.55
"Audna" "023.Z" 2002 0.6 0.6 0.65 0.65 0.8 0.8 0 0 0 0 0 0 0 0 0 0 0 0
"Audna" "023.Z" 2003 0.6 0.6 0.65 0.65 0.8 0.8 0.4 0.4 0.5 0.5 0.7 0.7 0.3 0.3 0.4 0.4 0.55 0.55
"Audna" "023.Z" 2004 0.6 0.6 0.65 0.65 0.8 0.8 0.4 0.4 0.5 0.5 0.7 0.7 0 0 0 0 0 0
"Audna" "023.Z" 2005 0.6 0.6 0.65 0.65 0.8 0.8 0.4 0.4 0.5 0.5 0.7 0.7 0 0 0 0 0 0
"Audna" "023.Z" 2006 0.6 0.6 0.65 0.65 0.8 0.8 0.4 0.4 0.5 0.5 0.7 0.7 0 0 0 0 0 0
"Audna" "023.Z" 2007 0.6 0.6 0.65 0.65 0.8 0.8 0.4 0.4 0.5 0.5 0.7 0.7 0.3 0.3 0.4 0.4 0.55 0.55
"Audna" "023.Z" 2008 0.5 0.5 0.55 0.55 0.7 0.7 0.3 0.3 0.4 0.4 0.6 0.6 0.2 0.2 0.3 0.3 0.45 0.45
"Audna" "023.Z" 2009 0.6 0.6 0.65 0.65 0.8 0.8 0.4 0.4 0.5 0.5 0.7 0.7 0.3 0.3 0.4 0.4 0.55 0.55
"Audna" "023.Z" 2010 0.25 0.25 0.35 0.35 0.45 0.45 0.1 0.1 0.15 0.15 0.25 0.25 0 0 0 0 0 0
"Audna" "023.Z" 2011 0.5 0.5 0.55 0.55 0.7 0.7 0.3 0.3 0.4 0.4 0.6 0.6 0.2 0.2 0.3 0.3 0.45 0.45
"Audna" "023.Z" 2012 0.5 0.5 0.55 0.55 0.7 0.7 0.3 0.3 0.4 0.4 0.6 0.6 0.2 0.2 0.3 0.3 0.45 0.45
"Audna" "023.Z" 2013 0.5 0.5 0.55 0.55 0.7 0.7 0.3 0.3 0.4 0.4 0.6 0.6 0.2 0.2 0.3 0.3 0.45 0.45
"Audna" "023.Z" 2014 0.25 0.25 0.35 0.35 0.45 0.45 0.1 0.1 0.15 0.15 0.25 0.25 0.05 0.05 0.1 0.1 0.15 0.15
"Audna" "023.Z" 2015 0.25 0.25 0.35 0.35 0.45 0.45 0.1 0.1 0.15 0.15 0.25 0.25 0.05 0.05 0.1 0.1 0.15 0.15
"Audna" "023.Z" 2016 0.5 0.5 0.55 0.55 0.7 0.7 0.3 0.3 0.4 0.4 0.6 0.6 0.2 0.2 0.3 0.3 0.45 0.45
"Audna" "023.Z" 2017 0.5 0.5 0.55 0.55 0.7 0.7 0.3 0.3 0.4 0.4 0.6 0.6 0.2 0.2 0.3 0.3 0.45 0.45
"Audna" "023.Z" 2018 0.25 0.25 0.35 0.35 0.45 0.45 0.1 0.1 0.15 0.15 0.25 0.25 0.05 0.05 0.1 0.1 0.15 0.15
"Audna" "023.Z" 2019 0.416768665850673 0.5 0.458445532435741 0.55 0.583476132190943 0.7 0.285330073349633 0.3 0.380440097799511 0.4 0.570660146699266 0.6 0.2 0.2 0.3 0.3 0.45 0.45
"Kvina" "025.Z" 1993 0.5 0.5 0.55 0.55 0.7 0.7 0.3 0.3 0.4 0.4 0.6 0.6 0.2 0.2 0.3 0.3 0.45 0.45
"Kvina" "025.Z" 1994 0.5 0.5 0.55 0.55 0.7 0.7 0.3 0.3 0.4 0.4 0.6 0.6 0 0 0 0 0 0
"Kvina" "025.Z" 1995 0.5 0.5 0.55 0.55 0.7 0.7 0.3 0.3 0.4 0.4 0.6 0.6 0 0 0 0 0 0
"Kvina" "025.Z" 1996 0.5 0.5 0.55 0.55 0.7 0.7 0.3 0.3 0.4 0.4 0.6 0.6 0 0 0 0 0 0
"Kvina" "025.Z" 1997 0.5 0.5 0.55 0.55 0.7 0.7 0.3 0.3 0.4 0.4 0.6 0.6 0.2 0.2 0.3 0.3 0.45 0.45
"Kvina" "025.Z" 1998 0.5 0.5 0.55 0.55 0.7 0.7 0.3 0.3 0.4 0.4 0.6 0.6 0 0 0 0 0 0
"Kvina" "025.Z" 1999 0.5 0.5 0.55 0.55 0.7 0.7 0.3 0.3 0.4 0.4 0.6 0.6 0.2 0.2 0.3 0.3 0.45 0.45
"Kvina" "025.Z" 2000 0.5 0.5 0.55 0.55 0.7 0.7 0.3 0.3 0.4 0.4 0.6 0.6 0.2 0.2 0.3 0.3 0.45 0.45
"Kvina" "025.Z" 2001 0.5 0.5 0.55 0.55 0.7 0.7 0.3 0.3 0.4 0.4 0.6 0.6 0.2 0.2 0.3 0.3 0.45 0.45
"Kvina" "025.Z" 2002 0.5 0.5 0.55 0.55 0.7 0.7 0.3 0.3 0.4 0.4 0.6 0.6 0.2 0.2 0.3 0.3 0.45 0.45
"Kvina" "025.Z" 2003 0.5 0.5 0.55 0.55 0.7 0.7 0.3 0.3 0.4 0.4 0.6 0.6 0.2 0.2 0.3 0.3 0.45 0.45
"Kvina" "025.Z" 2004 0.5 0.5 0.55 0.55 0.7 0.7 0.3 0.3 0.4 0.4 0.6 0.6 0.2 0.2 0.3 0.3 0.45 0.45
"Kvina" "025.Z" 2005 0.5 0.5 0.55 0.55 0.7 0.7 0.3 0.3 0.4 0.4 0.6 0.6 0.2 0.2 0.3 0.3 0.45 0.45
"Kvina" "025.Z" 2006 0.5 0.5 0.55 0.55 0.7 0.7 0.3 0.3 0.4 0.4 0.6 0.6 0.2 0.2 0.3 0.3 0.45 0.45
"Kvina" "025.Z" 2007 0.5 0.5 0.55 0.55 0.7 0.7 0.3 0.3 0.4 0.4 0.6 0.6 0.2 0.2 0.3 0.3 0.45 0.45
"Kvina" "025.Z" 2008 0.4 0.4 0.45 0.45 0.6 0.6 0.2 0.2 0.3 0.3 0.5 0.5 0.1 0.1 0.2 0.2 0.35 0.35
"Kvina" "025.Z" 2009 0.5 0.5 0.55 0.55 0.7 0.7 0.3 0.3 0.4 0.4 0.6 0.6 0.2 0.2 0.3 0.3 0.45 0.45
"Kvina" "025.Z" 2010 0.25 0.25 0.35 0.35 0.45 0.45 0.1 0.1 0.15 0.15 0.25 0.25 0.05 0.05 0.1 0.1 0.15 0.15
"Kvina" "025.Z" 2011 0.25 0.25 0.35 0.35 0.45 0.45 0.1 0.1 0.15 0.15 0.25 0.25 0.05 0.05 0.1 0.1 0.15 0.15
"Kvina" "025.Z" 2012 0.4 0.4 0.45 0.45 0.6 0.6 0.2 0.2 0.3 0.3 0.5 0.5 0.1 0.1 0.2 0.2 0.35 0.35
"Kvina" "025.Z" 2013 0.25 0.25 0.35 0.35 0.45 0.45 0.1 0.1 0.15 0.15 0.25 0.25 0.05 0.05 0.1 0.1 0.15 0.15
"Kvina" "025.Z" 2014 0.25 0.25 0.35 0.35 0.45 0.45 0.1 0.1 0.15 0.15 0.25 0.25 0.05 0.05 0.1 0.1 0.15 0.15
"Kvina" "025.Z" 2015 0.4 0.4 0.45 0.45 0.6 0.6 0.2 0.2 0.3 0.3 0.5 0.5 0.1 0.1 0.2 0.2 0.35 0.35
"Kvina" "025.Z" 2016 0.4 0.4 0.45 0.45 0.6 0.6 0.2 0.2 0.3 0.3 0.5 0.5 0.1 0.1 0.2 0.2 0.35 0.35
"Kvina" "025.Z" 2017 0.4 0.4 0.45 0.45 0.6 0.6 0.2 0.2 0.3 0.3 0.5 0.5 0.1 0.1 0.2 0.2 0.35 0.35
"Kvina" "025.Z" 2018 0.25 0.25 0.35 0.35 0.45 0.45 0.1 0.1 0.15 0.15 0.25 0.25 0.05 0.05 0.1 0.1 0.15 0.15
"Kvina" "025.Z" 2019 0.316239316239316 0.4 0.355769230769231 0.45 0.474358974358974 0.6 0.17799043062201 0.2 0.266985645933014 0.3 0.444976076555024 0.5 0.0844444444444444 0.1 0.168888888888889 0.2 0.295555555555556 0.35
"Lygna" "024.Z" 1993 0.5 0.5 0.55 0.55 0.7 0.7 0 0 0 0 0 0 0 0 0 0 0 0
"Lygna" "024.Z" 1994 0.5 0.5 0.55 0.55 0.7 0.7 0.3 0.3 0.4 0.4 0.6 0.6 0.2 0.2 0.3 0.3 0.45 0.45
"Lygna" "024.Z" 1995 0.5 0.5 0.55 0.55 0.7 0.7 0.3 0.3 0.4 0.4 0.6 0.6 0 0 0 0 0 0
"Lygna" "024.Z" 1996 0.5 0.5 0.55 0.55 0.7 0.7 0.3 0.3 0.4 0.4 0.6 0.6 0 0 0 0 0 0
"Lygna" "024.Z" 1997 0.5 0.5 0.55 0.55 0.7 0.7 0.3 0.3 0.4 0.4 0.6 0.6 0 0 0 0 0 0
"Lygna" "024.Z" 1998 0.5 0.5 0.55 0.55 0.7 0.7 0.3 0.3 0.4 0.4 0.6 0.6 0.2 0.2 0.3 0.3 0.45 0.45
"Lygna" "024.Z" 1999 NA NA NA NA NA NA NA NA NA NA NA NA NA NA NA NA NA NA
"Lygna" "024.Z" 2000 0.5 0.5 0.55 0.55 0.7 0.7 0.3 0.3 0.4 0.4 0.6 0.6 0.2 0.2 0.3 0.3 0.45 0.45
"Lygna" "024.Z" 2001 NA NA NA NA NA NA NA NA NA NA NA NA NA NA NA NA NA NA
"Lygna" "024.Z" 2002 0.5 0.5 0.55 0.55 0.7 0.7 0.3 0.3 0.4 0.4 0.6 0.6 0.2 0.2 0.3 0.3 0.45 0.45
"Lygna" "024.Z" 2003 0.5 0.5 0.55 0.55 0.7 0.7 0.3 0.3 0.4 0.4 0.6 0.6 0.2 0.2 0.3 0.3 0.45 0.45
"Lygna" "024.Z" 2004 0.5 0.5 0.55 0.55 0.7 0.7 0.3 0.3 0.4 0.4 0.6 0.6 0.2 0.2 0.3 0.3 0.45 0.45
"Lygna" "024.Z" 2005 0.5 0.5 0.55 0.55 0.7 0.7 0.3 0.3 0.4 0.4 0.6 0.6 0.2 0.2 0.3 0.3 0.45 0.45
"Lygna" "024.Z" 2006 0.5 0.5 0.55 0.55 0.7 0.7 0.3 0.3 0.4 0.4 0.6 0.6 0.2 0.2 0.3 0.3 0.45 0.45
"Lygna" "024.Z" 2007 0.5 0.5 0.55 0.55 0.7 0.7 0.3 0.3 0.4 0.4 0.6 0.6 0.2 0.2 0.3 0.3 0.45 0.45
"Lygna" "024.Z" 2008 0.4 0.4 0.45 0.45 0.6 0.6 0.2 0.2 0.3 0.3 0.5 0.5 0.1 0.1 0.2 0.2 0.35 0.35
"Lygna" "024.Z" 2009 0.4 0.4 0.45 0.45 0.6 0.6 0.2 0.2 0.3 0.3 0.5 0.5 0.1 0.1 0.2 0.2 0.35 0.35
"Lygna" "024.Z" 2010 0.25 0.25 0.35 0.35 0.45 0.45 0.1 0.1 0.15 0.15 0.25 0.25 0.05 0.05 0.1 0.1 0.15 0.15
"Lygna" "024.Z" 2011 0.4 0.4 0.45 0.45 0.6 0.6 0.2 0.2 0.3 0.3 0.5 0.5 0.1 0.1 0.2 0.2 0.35 0.35
"Lygna" "024.Z" 2012 0.4 0.4 0.45 0.45 0.6 0.6 0.2 0.2 0.3 0.3 0.5 0.5 0.1 0.1 0.2 0.2 0.35 0.35
"Lygna" "024.Z" 2013 0.4 0.4 0.45 0.45 0.6 0.6 0.2 0.2 0.3 0.3 0.5 0.5 0.1 0.1 0.2 0.2 0.35 0.35
"Lygna" "024.Z" 2014 0.25 0.25 0.35 0.35 0.45 0.45 0.1 0.1 0.15 0.15 0.25 0.25 0.05 0.05 0.1 0.1 0.15 0.15
"Lygna" "024.Z" 2015 0.25 0.25 0.35 0.35 0.45 0.45 0.1 0.1 0.15 0.15 0.25 0.25 0.05 0.05 0.1 0.1 0.15 0.15
"Lygna" "024.Z" 2016 0.4 0.4 0.45 0.45 0.6 0.6 0.2 0.2 0.3 0.3 0.5 0.5 0.1 0.1 0.2 0.2 0.35 0.35
"Lygna" "024.Z" 2017 0.4 0.4 0.45 0.45 0.6 0.6 0.2 0.2 0.3 0.3 0.5 0.5 0.1 0.1 0.2 0.2 0.35 0.35
"Lygna" "024.Z" 2018 0.25 0.25 0.35 0.35 0.45 0.45 0.1 0.1 0.15 0.15 0.25 0.25 0.05 0.05 0.1 0.1 0.15 0.15
"Lygna" "024.Z" 2019 0.28 0.4 0.315 0.45 0.42 0.6 0.180487804878049 0.2 0.270731707317073 0.3 0.451219512195122 0.5 0.0833333333333333 0.1 0.166666666666667 0.2 0.291666666666667 0.35
"Mandalselva" "022.Z" 1993 0.4 0.4 0.55 0.55 0.65 0.65 0.4 0.4 0.45 0.45 0.55 0.55 0.3 0.3 0.4 0.4 0.55 0.55
"Mandalselva" "022.Z" 1994 0.4 0.4 0.55 0.55 0.65 0.65 0.4 0.4 0.45 0.45 0.55 0.55 0.3 0.3 0.4 0.4 0.55 0.55
"Mandalselva" "022.Z" 1995 0.4 0.4 0.55 0.55 0.65 0.65 0.4 0.4 0.45 0.45 0.55 0.55 0 0 0 0 0 0
"Mandalselva" "022.Z" 1996 0.4 0.4 0.55 0.55 0.65 0.65 0.4 0.4 0.45 0.45 0.55 0.55 0.3 0.3 0.4 0.4 0.55 0.55
"Mandalselva" "022.Z" 1997 0.4 0.4 0.55 0.55 0.65 0.65 0.4 0.4 0.45 0.45 0.55 0.55 0.3 0.3 0.4 0.4 0.55 0.55
"Mandalselva" "022.Z" 1998 0.4 0.4 0.55 0.55 0.65 0.65 0.4 0.4 0.45 0.45 0.55 0.55 0.3 0.3 0.4 0.4 0.55 0.55
"Mandalselva" "022.Z" 1999 0.4 0.4 0.55 0.55 0.65 0.65 0.4 0.4 0.45 0.45 0.55 0.55 0.3 0.3 0.4 0.4 0.55 0.55
"Mandalselva" "022.Z" 2000 0.4 0.4 0.55 0.55 0.65 0.65 0.4 0.4 0.45 0.45 0.55 0.55 0.3 0.3 0.4 0.4 0.55 0.55
"Mandalselva" "022.Z" 2001 0.4 0.4 0.55 0.55 0.65 0.65 0.4 0.4 0.45 0.45 0.55 0.55 0.3 0.3 0.4 0.4 0.55 0.55
"Mandalselva" "022.Z" 2002 0.4 0.4 0.55 0.55 0.65 0.65 0.4 0.4 0.45 0.45 0.55 0.55 0.3 0.3 0.4 0.4 0.55 0.55
"Mandalselva" "022.Z" 2003 0.4 0.4 0.55 0.55 0.65 0.65 0.4 0.4 0.45 0.45 0.55 0.55 0.3 0.3 0.4 0.4 0.55 0.55
"Mandalselva" "022.Z" 2004 0.4 0.4 0.55 0.55 0.65 0.65 0.4 0.4 0.45 0.45 0.55 0.55 0.3 0.3 0.4 0.4 0.55 0.55
"Mandalselva" "022.Z" 2005 0.4 0.4 0.55 0.55 0.65 0.65 0.4 0.4 0.45 0.45 0.55 0.55 0.3 0.3 0.4 0.4 0.55 0.55
"Mandalselva" "022.Z" 2006 0.4 0.4 0.55 0.55 0.65 0.65 0.4 0.4 0.45 0.45 0.55 0.55 0.3 0.3 0.4 0.4 0.55 0.55
"Mandalselva" "022.Z" 2007 0.4 0.4 0.55 0.55 0.65 0.65 0.4 0.4 0.45 0.45 0.55 0.55 0.3 0.3 0.4 0.4 0.55 0.55
"Mandalselva" "022.Z" 2008 0.3 0.3 0.45 0.45 0.55 0.55 0.3 0.3 0.35 0.35 0.45 0.45 0.2 0.2 0.3 0.3 0.45 0.45
"Mandalselva" "022.Z" 2009 0.2 0.2 0.35 0.35 0.45 0.45 0.2 0.2 0.25 0.25 0.35 0.35 0.1 0.1 0.2 0.2 0.35 0.35
"Mandalselva" "022.Z" 2010 0.2 0.2 0.35 0.35 0.45 0.45 0.2 0.2 0.25 0.25 0.35 0.35 0.1 0.1 0.2 0.2 0.35 0.35
"Mandalselva" "022.Z" 2011 0.2 0.2 0.35 0.35 0.45 0.45 0.2 0.2 0.25 0.25 0.35 0.35 0.1 0.1 0.2 0.2 0.35 0.35
"Mandalselva" "022.Z" 2012 0.3 0.3 0.45 0.45 0.55 0.55 0.3 0.3 0.35 0.35 0.45 0.45 0.2 0.2 0.3 0.3 0.45 0.45
"Mandalselva" "022.Z" 2013 0.3 0.3 0.45 0.45 0.55 0.55 0.3 0.3 0.35 0.35 0.45 0.45 0.2 0.2 0.3 0.3 0.45 0.45
"Mandalselva" "022.Z" 2014 0.3 0.3 0.45 0.45 0.55 0.55 0.3 0.3 0.35 0.35 0.45 0.45 0.2 0.2 0.3 0.3 0.45 0.45
"Mandalselva" "022.Z" 2015 0.3 0.3 0.45 0.45 0.55 0.55 0.3 0.3 0.35 0.35 0.45 0.45 0.2 0.2 0.3 0.3 0.45 0.45
"Mandalselva" "022.Z" 2016 0.3 0.3 0.45 0.45 0.55 0.55 0.3 0.3 0.35 0.35 0.45 0.45 0.2 0.2 0.3 0.3 0.45 0.45
"Mandalselva" "022.Z" 2017 0.3 0.3 0.45 0.45 0.55 0.55 0.3 0.3 0.35 0.35 0.45 0.45 0.2 0.2 0.3 0.3 0.45 0.45
"Mandalselva" "022.Z" 2018 0.3 0.3 0.45 0.45 0.55 0.55 0.3 0.3 0.35 0.35 0.45 0.45 0.2 0.2 0.3 0.3 0.45 0.45
"Mandalselva" "022.Z" 2019 0.358562874251497 0.4 0.493023952095808 0.55 0.582664670658683 0.65 0.369709543568465 0.4 0.415923236514523 0.45 0.508350622406639 0.55 0.245070422535211 0.3 0.326760563380282 0.4 0.449295774647887 0.55
"Nidelva_i_Arendal" "019.Z" 1993 0.3 0.3 0.45 0.45 0.55 0.55 0.3 0.3 0.35 0.35 0.45 0.45 0.2 0.2 0.3 0.3 0.45 0.45
"Nidelva_i_Arendal" "019.Z" 1994 0.3 0.3 0.45 0.45 0.55 0.55 0.3 0.3 0.35 0.35 0.45 0.45 0.2 0.2 0.3 0.3 0.45 0.45
"Nidelva_i_Arendal" "019.Z" 1995 0.3 0.3 0.45 0.45 0.55 0.55 0.3 0.3 0.35 0.35 0.45 0.45 0.2 0.2 0.3 0.3 0.45 0.45
"Nidelva_i_Arendal" "019.Z" 1996 0.3 0.3 0.45 0.45 0.55 0.55 0.3 0.3 0.35 0.35 0.45 0.45 0.2 0.2 0.3 0.3 0.45 0.45
"Nidelva_i_Arendal" "019.Z" 1997 0.3 0.3 0.45 0.45 0.55 0.55 0.3 0.3 0.35 0.35 0.45 0.45 0 0 0 0 0 0
"Nidelva_i_Arendal" "019.Z" 1998 0.3 0.3 0.45 0.45 0.55 0.55 0.3 0.3 0.35 0.35 0.45 0.45 0.2 0.2 0.3 0.3 0.45 0.45
"Nidelva_i_Arendal" "019.Z" 1999 0.3 0.3 0.45 0.45 0.55 0.55 0.3 0.3 0.35 0.35 0.45 0.45 0.2 0.2 0.3 0.3 0.45 0.45
"Nidelva_i_Arendal" "019.Z" 2000 0.3 0.3 0.45 0.45 0.55 0.55 0.3 0.3 0.35 0.35 0.45 0.45 0.2 0.2 0.3 0.3 0.45 0.45
"Nidelva_i_Arendal" "019.Z" 2001 0.3 0.3 0.45 0.45 0.55 0.55 0.3 0.3 0.35 0.35 0.45 0.45 0.2 0.2 0.3 0.3 0.45 0.45
"Nidelva_i_Arendal" "019.Z" 2002 0.320276498 0.320276498 0.359358842 0.359358842 0.402315485 0.402315485 0.320276498 0.320276498 0.359358842 0.359358842 0.402315485 0.402315485 0.320276498 0.320276498 0.359358842 0.359358842 0.402315485 0.402315485
"Nidelva_i_Arendal" "019.Z" 2003 0.365524986 0.365524986 0.406824147 0.406824147 0.451456311 0.451456311 0.365524986 0.365524986 0.406824147 0.406824147 0.451456311 0.451456311 0.365524986 0.365524986 0.406824147 0.406824147 0.451456311 0.451456311
"Nidelva_i_Arendal" "019.Z" 2004 0.257031377 0.257031377 0.291289739 0.291289739 0.329912023 0.329912023 0.257031377 0.257031377 0.291289739 0.291289739 0.329912023 0.329912023 0.257031377 0.257031377 0.291289739 0.291289739 0.329912023 0.329912023
"Nidelva_i_Arendal" "019.Z" 2005 0.350234342 0.350234342 0.390406396 0.390406396 0.434137291 0.434137291 0.350234342 0.350234342 0.390406396 0.390406396 0.434137291 0.434137291 0.350234342 0.350234342 0.390406396 0.390406396 0.434137291 0.434137291
"Nidelva_i_Arendal" "019.Z" 2006 0.2006003 0.2006003 0.22739726 0.22739726 0.258468677 0.258468677 0.2006003 0.2006003 0.22739726 0.22739726 0.258468677 0.258468677 0.2006003 0.2006003 0.22739726 0.22739726 0.258468677 0.258468677
"Nidelva_i_Arendal" "019.Z" 2007 0.265939597 0.265939597 0.296875 0.296875 0.332061069 0.332061069 0.265939597 0.265939597 0.296875 0.296875 0.332061069 0.332061069 0.265939597 0.265939597 0.296875 0.296875 0.332061069 0.332061069
"Nidelva_i_Arendal" "019.Z" 2008 0.244105409 0.244105409 0.271714922 0.271714922 0.303514377 0.303514377 0.244105409 0.244105409 0.271714922 0.271714922 0.303514377 0.303514377 0.244105409 0.244105409 0.271714922 0.271714922 0.303514377 0.303514377
"Nidelva_i_Arendal" "019.Z" 2009 0.26377047 0.26377047 0.296400086 0.296400086 0.333333333 0.333333333 0.26377047 0.26377047 0.296400086 0.296400086 0.333333333 0.333333333 0.26377047 0.26377047 0.296400086 0.296400086 0.333333333 0.333333333
"Nidelva_i_Arendal" "019.Z" 2010 0.113754248 0.113754248 0.130955861 0.130955861 0.151541096 0.151541096 0.113754248 0.113754248 0.130955861 0.130955861 0.151541096 0.151541096 0.113754248 0.113754248 0.130955861 0.130955861 0.151541096 0.151541096
"Nidelva_i_Arendal" "019.Z" 2011 0.04548699 0.04548699 0.052292494 0.052292494 0.060664112 0.060664112 0.04548699 0.04548699 0.052292494 0.052292494 0.060664112 0.060664112 0.04548699 0.04548699 0.052292494 0.052292494 0.060664112 0.060664112
"Nidelva_i_Arendal" "019.Z" 2012 0.168612137 0.168612137 0.19016883 0.19016883 0.215592044 0.215592044 0.057232958 0.057232958 0.065674913 0.065674913 0.076017104 0.076017104 0.01844203 0.01844203 0.021291479 0.021291479 0.02483011 0.02483011
"Nidelva_i_Arendal" "019.Z" 2013 0.105439486 0.105439486 0.117930444 0.117930444 0.130077377 0.130077377 0.105439486 0.105439486 0.117930444 0.117930444 0.130077377 0.130077377 0.105439486 0.105439486 0.117930444 0.117930444 0.130077377 0.130077377
"Nidelva_i_Arendal" "019.Z" 2014 0.094060186 0.094060186 0.105962839 0.105962839 0.117556783 0.117556783 0.094060186 0.094060186 0.105962839 0.105962839 0.117556783 0.117556783 0.094060186 0.094060186 0.105962839 0.105962839 0.117556783 0.117556783
"Nidelva_i_Arendal" "019.Z" 2015 0.068479355 0.068479355 0.077460106 0.077460106 0.086269345 0.086269345 0.068479355 0.068479355 0.077460106 0.077460106 0.086269345 0.086269345 0.068479355 0.068479355 0.077460106 0.077460106 0.086269345 0.086269345
"Nidelva_i_Arendal" "019.Z" 2016 0.053398058 0.053398058 0.06015386 0.06015386 0.066813915 0.066813915 0.053398058 0.053398058 0.06015386 0.06015386 0.066813915 0.066813915 0.053398058 0.053398058 0.06015386 0.06015386 0.066813915 0.066813915
"Nidelva_i_Arendal" "019.Z" 2017 0.09573316 0.09573316 0.107715324 0.107715324 0.119384096 0.119384096 0.09573316 0.09573316 0.107715324 0.107715324 0.119384096 0.119384096 0.09573316 0.09573316 0.107715324 0.107715324 0.119384096 0.119384096
"Nidelva_i_Arendal" "019.Z" 2018 0.09 0.09 0.12 0.12 0.15 0.15 0.09 0.09 0.12 0.12 0.15 0.15 0.09 0.09 0.12 0.12 0.15 0.15
"Nidelva_i_Arendal" "019.Z" 2019 0.136976047904192 0.15 0.182634730538922 0.2 0.228293413173653 0.25 0.0950819672131148 0.1 0.142622950819672 0.15 0.19016393442623 0.2 0.05 0.05 0.1 0.1 0.15 0.15
"Otra" "021.Z" 1993 0.4 0.4 0.55 0.55 0.65 0.65 0.4 0.4 0.45 0.45 0.55 0.55 0.3 0.3 0.4 0.4 0.55 0.55
"Otra" "021.Z" 1994 0.4 0.4 0.55 0.55 0.65 0.65 0 0 0 0 0 0 0.3 0.3 0.4 0.4 0.55 0.55
"Otra" "021.Z" 1995 0.4 0.4 0.55 0.55 0.65 0.65 0.4 0.4 0.45 0.45 0.55 0.55 0.3 0.3 0.4 0.4 0.55 0.55
"Otra" "021.Z" 1996 0.4 0.4 0.55 0.55 0.65 0.65 0.4 0.4 0.45 0.45 0.55 0.55 0.3 0.3 0.4 0.4 0.55 0.55
"Otra" "021.Z" 1997 0.4 0.4 0.55 0.55 0.65 0.65 0.4 0.4 0.45 0.45 0.55 0.55 0.3 0.3 0.4 0.4 0.55 0.55
"Otra" "021.Z" 1998 0.4 0.4 0.55 0.55 0.65 0.65 0.4 0.4 0.45 0.45 0.55 0.55 0.3 0.3 0.4 0.4 0.55 0.55
"Otra" "021.Z" 1999 0.4 0.4 0.55 0.55 0.65 0.65 0.4 0.4 0.45 0.45 0.55 0.55 0.3 0.3 0.4 0.4 0.55 0.55
"Otra" "021.Z" 2000 0.4 0.4 0.55 0.55 0.65 0.65 0.4 0.4 0.45 0.45 0.55 0.55 0.3 0.3 0.4 0.4 0.55 0.55
"Otra" "021.Z" 2001 0.4 0.4 0.55 0.55 0.65 0.65 0.4 0.4 0.45 0.45 0.55 0.55 0.3 0.3 0.4 0.4 0.55 0.55
"Otra" "021.Z" 2002 0.4 0.4 0.55 0.55 0.65 0.65 0.4 0.4 0.45 0.45 0.55 0.55 0.3 0.3 0.4 0.4 0.55 0.55
"Otra" "021.Z" 2003 0.4 0.4 0.55 0.55 0.65 0.65 0.4 0.4 0.45 0.45 0.55 0.55 0.3 0.3 0.4 0.4 0.55 0.55
"Otra" "021.Z" 2004 0.4 0.4 0.55 0.55 0.65 0.65 0.4 0.4 0.45 0.45 0.55 0.55 0.3 0.3 0.4 0.4 0.55 0.55
"Otra" "021.Z" 2005 0.4 0.4 0.55 0.55 0.65 0.65 0.4 0.4 0.45 0.45 0.55 0.55 0.3 0.3 0.4 0.4 0.55 0.55
"Otra" "021.Z" 2006 0.4 0.4 0.55 0.55 0.65 0.65 0.4 0.4 0.45 0.45 0.55 0.55 0.3 0.3 0.4 0.4 0.55 0.55
"Otra" "021.Z" 2007 0.4 0.4 0.55 0.55 0.65 0.65 0.4 0.4 0.45 0.45 0.55 0.55 0.3 0.3 0.4 0.4 0.55 0.55
"Otra" "021.Z" 2008 0.4 0.4 0.55 0.55 0.65 0.65 0.4 0.4 0.45 0.45 0.55 0.55 0.3 0.3 0.4 0.4 0.55 0.55
"Otra" "021.Z" 2009 0.4 0.4 0.55 0.55 0.65 0.65 0.4 0.4 0.45 0.45 0.55 0.55 0.3 0.3 0.4 0.4 0.55 0.55
"Otra" "021.Z" 2010 0.3 0.3 0.45 0.45 0.55 0.55 0.3 0.3 0.35 0.35 0.45 0.45 0.2 0.2 0.3 0.3 0.45 0.45
"Otra" "021.Z" 2011 0.3 0.3 0.45 0.45 0.55 0.55 0.3 0.3 0.35 0.35 0.45 0.45 0.2 0.2 0.3 0.3 0.45 0.45
"Otra" "021.Z" 2012 0.3 0.3 0.45 0.45 0.55 0.55 0.3 0.3 0.35 0.35 0.45 0.45 0.2 0.2 0.3 0.3 0.45 0.45
"Otra" "021.Z" 2013 0.3 0.3 0.45 0.45 0.55 0.55 0.3 0.3 0.35 0.35 0.45 0.45 0.2 0.2 0.3 0.3 0.45 0.45
"Otra" "021.Z" 2014 0.3 0.3 0.45 0.45 0.55 0.55 0.3 0.3 0.35 0.35 0.45 0.45 0.2 0.2 0.3 0.3 0.45 0.45
"Otra" "021.Z" 2015 0.3 0.3 0.45 0.45 0.55 0.55 0.3 0.3 0.35 0.35 0.45 0.45 0.2 0.2 0.3 0.3 0.45 0.45
"Otra" "021.Z" 2016 0.3 0.3 0.45 0.45 0.55 0.55 0.3 0.3 0.35 0.35 0.45 0.45 0.2 0.2 0.3 0.3 0.45 0.45
"Otra" "021.Z" 2017 0.3 0.3 0.45 0.45 0.55 0.55 0.3 0.3 0.35 0.35 0.45 0.45 0.2 0.2 0.3 0.3 0.45 0.45
"Otra" "021.Z" 2018 0.25 0.25 0.4 0.4 0.5 0.5 0.25 0.25 0.3 0.3 0.4 0.4 0.15 0.15 0.25 0.25 0.4 0.4
"Otra" "021.Z" 2019 0.290455991516437 0.3 0.435683987274655 0.45 0.532502651113468 0.55 0.296095444685466 0.3 0.345444685466377 0.35 0.4441431670282 0.45 0.196491228070175 0.2 0.294736842105263 0.3 0.442105263157895 0.45
