"Vassdrag" "Vdrnr" "Aar" "FangstHunnU3_Justert" "FangstHunn37_Justert" "FangstHunnO7_Justert" "GytingHunnU3" "GytingHunn37" "GytingHunnO7" "AndelHunnU3" "AndelHunn37" "AndelHunnO7"
"Enningdalselva" "001.1Z" 1993 5.97664494686572 214.258283087325 154.866228083565 4.7833379638353 324.877278940979 426.293373789941 0.110177245906586 0.700086816555493 0.550948087965719
"Enningdalselva" "001.1Z" 1994 4.97381583775618 208.090969288375 154.961321063506 4.25211071602836 276.013686428685 482.673310160065 0.0911050929083875 0.702573446488582 0.550579141153144
"Enningdalselva" "001.1Z" 1995 5.9091454638601 225.102486342226 155.046289250349 4.31791456712485 314.265665836067 446.075768025076 0.10261756469473 0.702657102910806 0.559565077564284
"Enningdalselva" "001.1Z" 1996 6.98032701707531 218.800929674535 156.012069767998 3.85553144310611 246.766787734067 444.074536652906 0.102840026699893 0.691724995459152 0.549131282267365
"Enningdalselva" "001.1Z" 1997 7.27560065256722 213.962481160065 146.990998343891 5.10002613765455 292.911509521942 416.170866043813 0.103308900777572 0.706270635391134 0.548700243094067
"Enningdalselva" "001.1Z" 1998 5.63860168136328 213.664688799125 150.236343469772 5.78603796961476 316.347392505368 472.527040196356 0.106367009901465 0.69741720535351 0.539736981454505
"Enningdalselva" "001.1Z" 1999 5.68752913842161 216.0615886691 148.481365477975 4.82379182016805 333.08014384961 362.596094049107 0.0935788634104058 0.698166095890562 0.555324023351695
"Enningdalselva" "001.1Z" 2000 5.07224770348656 209.129717645156 151.319117137846 5.13954284352767 307.244393783664 427.323161422013 0.093312955736114 0.693464459496961 0.55259343095183
"Enningdalselva" "001.1Z" 2001 5.25590548533311 220.197428523132 151.760109549684 5.43821589710739 319.539644863934 323.655633546695 0.102187098884337 0.698024764766906 0.546391533777396
"Enningdalselva" "001.1Z" 2002 4.77209600150769 216.495206517346 155.942617335322 3.24041851252617 317.742383450256 549.594102951534 0.0895544536380892 0.695369312224818 0.557931246614834
"Enningdalselva" "001.1Z" 2003 5.95311416044971 216.41492121696 146.685178635737 4.39518097595699 301.292900532439 416.158211315298 0.111972880190851 0.697266134506132 0.551448039983972
"Enningdalselva" "001.1Z" 2004 6.56242087258436 216.503223465596 157.974903399037 5.20037152991011 315.202759015619 395.506776665751 0.110275476170063 0.693032085357221 0.5450619238095
"Enningdalselva" "001.1Z" 2005 5.62610991496435 208.562438939058 151.740184570692 3.8458020775285 309.430874974103 448.153083435444 0.0959466065867283 0.69164458233783 0.555564296557657
"Enningdalselva" "001.1Z" 2006 5.48346271227767 211.097529345496 149.178176934277 4.65541433567328 343.275687073207 454.768350142807 0.096359313800072 0.697611651208278 0.54799979621216
"Enningdalselva" "001.1Z" 2007 5.59466852558224 214.767043865931 147.221763355968 4.42772595653211 317.105305896328 387.658872414948 0.0890298806728922 0.705543591218049 0.550102153943905
"Enningdalselva" "001.1Z" 2008 5.16544334716558 216.561339325483 154.707421773631 4.30287271889069 284.101923177224 514.536997066038 0.0993354489839535 0.693717631205373 0.545939867465895
"Enningdalselva" "001.1Z" 2009 5.73820271230978 213.365436915392 153.620684832882 3.83427007043428 320.157690554973 481.921047402102 0.0964403817194921 0.703446196153157 0.565133306492639
"Enningdalselva" "001.1Z" 2010 5.53288468818316 218.809032350901 158.2760160443 5.68851397202577 330.783765725746 420.883396294475 0.100963117500208 0.701842439825305 0.553052568182299
"Enningdalselva" "001.1Z" 2011 5.89297123703242 214.305230141946 152.469288400746 5.01916620171728 306.101690435068 376.150756673712 0.0957013544785069 0.700614800820944 0.541612433008947
"Enningdalselva" "001.1Z" 2012 5.72947854870684 213.647875140521 159.375183131015 4.86465455390813 304.976318236797 409.70360907152 0.103221982610373 0.70566071218911 0.557713292474658
"Enningdalselva" "001.1Z" 2013 5.46135173070491 209.300736334961 155.089875945369 4.61260005576523 296.112361862439 450.219385010384 0.0968423818309884 0.699677228775998 0.552830461761176
"Enningdalselva" "001.1Z" 2014 6.37278476235311 219.220117970081 151.813057890542 4.58881135651103 339.382251347377 426.34888652067 0.0987940868469922 0.699873314714936 0.554607801540053
"Enningdalselva" "001.1Z" 2015 5.56426100275488 215.656605752404 151.421716123125 5.30709367797335 381.695605677276 421.840244680087 0.100083257611801 0.702124821885001 0.554218599875879
"Enningdalselva" "001.1Z" 2016 5.08947082928962 213.576983062475 153.491171404129 4.26636255877101 275.260798582258 526.896394409831 0.0934707508236437 0.703061688060448 0.549410346811709
"Enningdalselva" "001.1Z" 2017 5.77437473179541 215.125785531116 146.25598731504 4.80542855808583 289.139179118015 483.200351151529 0.096583401261982 0.701281380983256 0.539482479384963
"Enningdalselva" "001.1Z" 2018 4.83476135519594 210.509174479562 154.17461226347 4.35112534571134 275.573237939166 382.037484489798 0.0944762686143756 0.702333148599917 0.55371402155209
"Enningdalselva" "001.1Z" 2019 5.65743405600449 216.425830977008 151.86784942041 4.17174388648256 330.840223560354 422.714102533717 0.0991185397489983 0.694344600766381 0.544653369821153
"Glomma" "002.Z" 1993 8.62437560378588 178.891314406231 113.653741141551 18.9385525404089 578.113034037969 564.134973009134 0.0919880842682587 0.702860352279509 0.557603888356847
"Glomma" "002.Z" 1994 9.25293577502642 173.162872105528 106.679302047662 21.5610154023788 554.530017876824 645.946826854806 0.101335361624611 0.703929082150168 0.556819165570607
"Glomma" "002.Z" 1995 9.10763427320889 166.261632685808 122.391237609458 23.5703227355147 657.978986728852 555.468521343617 0.0908576079416372 0.71179065390707 0.553656177905405
"Glomma" "002.Z" 1996 8.93719449318172 174.432917304875 113.809004056039 23.9858814284636 604.694472242348 465.646771130682 0.0987940412533971 0.711193565949859 0.552495472374432
"Glomma" "002.Z" 1997 10.5225100892346 189.81552265376 127.972268908838 26.3924100536613 646.059658225486 579.644806832234 0.104109231366993 0.709471911112615 0.560340889346618
"Glomma" "002.Z" 1998 8.74677961195804 169.474249516854 114.876252478853 23.4443937269638 639.062519848775 631.763396761924 0.109308483931877 0.717292451052712 0.555170519481587
"Glomma" "002.Z" 1999 7.06609470478598 166.439015128693 119.982110490061 19.257303857709 691.291412291206 588.898121038658 0.0981332778352467 0.708994244800822 0.56354582227679
"Glomma" "002.Z" 2000 9.40060125562564 173.429246494137 118.602313616157 24.0165206665891 649.30914004844 536.001746433383 0.107748372417895 0.708718329747837 0.558743970817256
"Glomma" "002.Z" 2001 7.87931567655529 177.507763569799 113.969798591094 19.3966003372415 589.855083501809 696.238266255264 0.0995713243252533 0.708815941237076 0.560599107678773
"Glomma" "002.Z" 2002 8.89781414432964 173.469877846559 113.030625210815 22.0648931642077 744.641729715295 558.76149833846 0.0899197730865983 0.713943580033497 0.566769206043913
"Glomma" "002.Z" 2003 8.1895558153258 162.254329290988 121.159602476579 26.6889933789783 665.966582562824 501.699852448207 0.099967278030844 0.711098794123487 0.566479857909356
"Glomma" "002.Z" 2004 9.48502753792731 180.830693530482 118.167575158999 20.6921497319542 693.016800590067 519.580352384551 0.100059341031866 0.705604961087058 0.560330313926218
"Glomma" "002.Z" 2005 8.05819963156132 175.703658400243 117.912431101267 24.0338267414473 583.682634499655 661.084976452599 0.0970762359880794 0.708931014223813 0.560505942767189
"Glomma" "002.Z" 2006 8.52881733086667 177.207170403072 120.062677482219 26.9312172322293 619.933855617141 647.210561719577 0.10615450143813 0.720284799292894 0.55938788970097
"Glomma" "002.Z" 2007 9.99872318027832 192.778707566821 118.010787276117 23.5768848510204 708.438477566865 587.555727444153 0.110619182192769 0.706729057183466 0.559522607388101
"Glomma" "002.Z" 2008 9.92130586936581 182.72082535937 112.022231745311 20.3366578585172 675.343493364011 477.503965920017 0.0995341573300622 0.705029334359283 0.556241257643751
"Glomma" "002.Z" 2009 8.50071786903675 183.346941259735 112.166270264891 18.9692097901794 623.064433915928 522.274860493395 0.103094491915186 0.706984144260452 0.555126345317399
"Glomma" "002.Z" 2010 8.74925123048888 185.181309865583 117.890979552658 22.0562745705602 679.863501241588 617.059088287235 0.105945730165816 0.705595293251954 0.554917190965458
"Glomma" "002.Z" 2011 9.62589740788844 168.838350895905 115.435045806106 23.4401201090926 765.292402868175 661.662855519484 0.108080562870487 0.717350304746785 0.555896976610129
"Glomma" "002.Z" 2012 9.84922963464285 176.285667996417 116.022774581251 20.406021139998 776.471747280329 551.787742740607 0.105612148574732 0.701790921657223 0.553265983208788
"Glomma" "002.Z" 2013 8.87347636666987 165.212187688372 120.311739427123 22.4719528555412 728.16460945042 742.404349977472 0.102147205755458 0.706897306389535 0.556686258447303
"Glomma" "002.Z" 2014 8.39402695191761 178.385939518042 123.176982136287 19.4243412099496 687.472040864364 505.192368603605 0.0985547539704022 0.70461671384682 0.568960169568897
"Glomma" "002.Z" 2015 8.92008359146794 180.849461071768 111.215464490532 25.8453833452509 718.079270479131 651.99023722985 0.0988084696786837 0.71008909859594 0.564978757282842
"Glomma" "002.Z" 2016 8.41051333503032 176.82294262405 119.555076075586 23.037389527106 691.796089744995 622.001004012827 0.107959876668078 0.707601829657426 0.567373915828452
"Glomma" "002.Z" 2017 10.0430511958756 169.098980558993 112.085760898374 20.7078856540709 739.477418033302 611.081615423926 0.0988681444796504 0.703466385773636 0.560990544780967
"Glomma" "002.Z" 2018 8.78427966474347 186.867566674989 109.269115430605 21.504427930815 596.179346928297 560.909676336366 0.10372199216188 0.720411409803543 0.564649562679067
"Glomma" "002.Z" 2019 8.54766076154798 172.923667597728 109.788414294017 23.6606775523422 645.12596533007 784.581006832596 0.0918105700986805 0.700840640752734 0.571208346526661
"Numedalslĺgen" "015.Z" 1993 272.684387087133 5921.38045338624 1962.77543090876 351.991823112974 9498.08824832406 4360.24521311033 0.101977704986118 0.69511116751951 0.548080164388885
"Numedalslĺgen" "015.Z" 1994 213.611338134255 5916.67130613422 2019.08054795441 265.544587097974 9155.31412853791 4508.7045422008 0.0837287085771882 0.692843933791832 0.552198626834253
"Numedalslĺgen" "015.Z" 1995 212.673273971433 5792.6971752465 2029.27402458747 317.7135416792 9681.34965192034 3793.9673081695 0.105818406245455 0.705228285917032 0.549689336950269
"Numedalslĺgen" "015.Z" 1996 181.907863377933 5903.16344232623 2043.28116181182 287.208224516723 10823.1763329063 5476.5237480218 0.103541894868098 0.697536949389037 0.553156824036964
"Numedalslĺgen" "015.Z" 1997 211.97893064914 6054.11384489332 2132.35742928546 395.143441247923 9036.4577684029 4588.39660057003 0.108742209741376 0.700530122285952 0.557351451922183
"Numedalslĺgen" "015.Z" 1998 203.553904937151 6022.18659895091 1996.84478204715 300.187186089363 11089.1641798254 4993.04337291949 0.0972313245142561 0.702745128679564 0.552372505934817
"Numedalslĺgen" "015.Z" 1999 231.199473556018 6169.58966601276 2091.80940146488 334.45284674212 10085.7885437836 3943.19869796806 0.099701177026535 0.706487459744942 0.55475911128199
"Numedalslĺgen" "015.Z" 2000 208.701709178128 6006.24163983705 2030.60493156075 260.67806493503 9865.98689314996 4485.74100407896 0.099648083393686 0.705088215968781 0.546403970684985
"Numedalslĺgen" "015.Z" 2001 212.04195659382 6137.71051255154 2056.81002456211 283.535719511337 10519.3779627503 4444.46107161699 0.100571606922616 0.700486650813537 0.545253821350989
"Numedalslĺgen" "015.Z" 2002 232.696764161039 5860.31236906514 2058.45621041834 299.605324774481 10470.2969766926 4928.12151056295 0.0884985268054755 0.695284074261192 0.549839294333565
"Numedalslĺgen" "015.Z" 2003 244.690034438293 5854.93248376642 2056.09569593091 285.648867157228 10569.7471442741 4617.51717861451 0.101067038689829 0.696696118543956 0.551665877201512
"Numedalslĺgen" "015.Z" 2004 206.705522022306 5736.98844384639 2011.21751011293 316.743517294322 11101.148015001 5021.85707423291 0.104211292607728 0.706402268224652 0.551518267376795
"Numedalslĺgen" "015.Z" 2005 218.580577523479 6079.68037074973 2006.45760172095 333.141039658834 9587.5027017218 5077.85168725744 0.0968817752670317 0.696966524452563 0.549102016606579
"Numedalslĺgen" "015.Z" 2006 184.877842737651 6325.5502163809 2061.52111083346 224.056602683183 10154.2012965733 4654.4806913762 0.0872430601607424 0.700612268730222 0.544533339459773
"Numedalslĺgen" "015.Z" 2007 240.812466773967 6119.24166365221 2042.20980265615 332.215225525479 10414.9938686423 4920.77387585544 0.107236106540577 0.700601379871857 0.554518865187598
"Numedalslĺgen" "015.Z" 2008 235.751001281665 5851.21147656364 2039.38384306373 313.951670418251 10228.5244675929 3983.11014444053 0.0976269293090459 0.695112583812627 0.550247809750809
"Numedalslĺgen" "015.Z" 2009 212.18027744742 5942.34350171402 2010.98021452558 289.495648189247 9897.00475880121 4243.88764142239 0.100458682072161 0.69675060032353 0.550055473010776
"Numedalslĺgen" "015.Z" 2010 222.640080452593 5852.66459344327 1971.93490138637 272.701363215001 10060.4385652479 4230.87886662788 0.0943768378139736 0.692790372562787 0.548697678985925
"Numedalslĺgen" "015.Z" 2011 197.314976144212 5747.71067150081 2051.25243820342 337.186122371588 9360.23319608084 4731.22296258705 0.0968547767858982 0.696530014711406 0.55053854224905
"Numedalslĺgen" "015.Z" 2012 246.510451814755 5860.94519115685 2025.04363799623 298.674701757631 9916.67845285772 4896.59962649997 0.09196532944414 0.699965951978189 0.543484669359144
"Numedalslĺgen" "015.Z" 2013 214.207387994582 5926.37219910076 2082.67965618301 310.525437627719 10430.7533764955 4671.22578097113 0.0883482228599897 0.693571296308133 0.547359774302398
"Numedalslĺgen" "015.Z" 2014 197.391007377076 5977.02643706201 2154.3048702674 309.679777793632 10483.074548431 4262.71185388173 0.10447102385712 0.696368153408064 0.561853761786855
"Numedalslĺgen" "015.Z" 2015 199.796800133522 5998.72417102943 2008.10117918409 323.592323642947 10480.056120484 4455.6327293383 0.0937053626864127 0.702409074866082 0.555761585106852
"Numedalslĺgen" "015.Z" 2016 221.043388353563 6012.58792193033 2127.43140013979 297.255696358566 10386.8731898236 4830.20802275276 0.0984586231377857 0.6959336119664 0.546502257424119
"Numedalslĺgen" "015.Z" 2017 209.819240944178 5735.06760705248 2098.76104057576 297.8273240827 10588.3378192334 4143.50344861437 0.10243271474097 0.696095909645416 0.541217252424894
"Numedalslĺgen" "015.Z" 2018 227.648822529193 5895.57394305949 2144.59379233265 271.325056891945 10286.1472131582 4929.39803703461 0.0922441339032689 0.696861112854638 0.553695616951249
"Numedalslĺgen" "015.Z" 2019 200.244171557877 5896.14351889989 2051.7657198881 299.570479033486 10480.040121818 4856.52224680459 0.101426808595209 0.699589235641797 0.552778862873568
"Sandvikselva" "008.Z" 1993 34.036879200805 43.2271049804602 3.82419731430853 18.956095118991 87.0510618553154 6.18746418112533 0.390242713780508 0.701407064371095 0.548874792888226
"Sandvikselva" "008.Z" 1994 30.6339167619254 45.4488912635838 3.88148142682698 20.1031942741661 56.6295964628272 7.48589358488451 0.393314651028159 0.70399843505883 0.549384986692322
"Sandvikselva" "008.Z" 1995 35.2837025804881 40.7736631569564 0 20.9650652455981 77.2273545085028 0 0.395023825630949 0.704263577570546 0.560911679427216
"Sandvikselva" "008.Z" 1996 33.6299513253089 44.8217734771461 3.83016002036915 20.0094434552079 79.7240982379372 6.81887056531461 0.404539371578083 0.707982054531836 0.551988183213568
"Sandvikselva" "008.Z" 1997 32.4096954792934 45.2960033686188 3.74832330121549 25.1716285138776 90.4111502131744 5.605095329917 0.402443547561412 0.691949813860176 0.546775814896986
"Sandvikselva" "008.Z" 1998 33.2331031081381 45.2849412677105 3.8597411380947 21.4832662998851 73.0467536188499 8.60749373026827 0.402050104068325 0.70199808034969 0.559354946553653
"Sandvikselva" "008.Z" 1999 33.889444416976 45.0870548311448 3.96367183327922 17.985769743989 91.5884009492106 9.50621543291497 0.402592926754474 0.707229565250617 0.548624253992101
"Sandvikselva" "008.Z" 2000 35.6261258560377 42.776399792479 3.81585009969054 27.7077210741143 68.8461438711526 7.03271718712013 0.413462438133427 0.702797040765267 0.559442441165006
"Sandvikselva" "008.Z" 2001 33.2372731626368 45.3387969650648 3.71839342972142 21.4208357817871 78.8230306763634 9.76460459093646 0.392437553199592 0.704226572118394 0.537049454730383
"Sandvikselva" "008.Z" 2002 36.2195034911284 43.71527327916 3.89749365135593 16.7327726489764 64.3270868512812 7.56393909990562 0.402393711005754 0.707271650450793 0.555325289265748
"Sandvikselva" "008.Z" 2003 33.2658371845786 43.6240343190569 3.90219095668042 23.2765596588764 52.3190835550473 7.3790280871395 0.402261224476314 0.698604867283381 0.555304073366194
"Sandvikselva" "008.Z" 2004 33.3334552679529 42.270445105948 3.85146304307646 24.3534022775977 83.7505583474946 6.87244083070639 0.407006688378179 0.698675701428079 0.550209006153779
"Sandvikselva" "008.Z" 2005 35.4281547869994 43.7936008001003 3.84037916552324 18.1883411968702 63.5653934500439 9.10200616776902 0.397178469894778 0.703937486017537 0.553751481359233
"Sandvikselva" "008.Z" 2006 37.654751113008 44.1089020167048 3.96837541628607 19.4469887255903 80.0426597157212 8.11781520740584 0.405268682174086 0.706664824647494 0.555384211282066
"Sandvikselva" "008.Z" 2007 34.1542411894751 43.2923678641123 3.90178258186788 23.6335384425488 70.4140180960187 5.37992221927316 0.404011982983531 0.696254460904072 0.546324711551947
"Sandvikselva" "008.Z" 2008 32.9848859672716 44.8553964341964 3.94658668367066 18.787350797479 66.8274182469628 13.8327557371229 0.396360978212509 0.697113393386124 0.541246095133523
"Sandvikselva" "008.Z" 2009 34.5373548355214 40.7286093533666 3.7714762804292 23.0823213657348 72.4262774446776 7.52446191822118 0.406859606413053 0.715310414482077 0.549100154785023
"Sandvikselva" "008.Z" 2010 33.4810739524538 43.6487034811675 3.68325777228506 14.6103933777077 81.4387628350595 8.71460659756377 0.400172732343503 0.70109328936205 0.552519451889338
"Sandvikselva" "008.Z" 2011 34.3264216673034 44.3777479514656 0 16.221720398238 79.1792648168657 0 0.396028684059257 0.695159321997786 0.550285690817939
"Sandvikselva" "008.Z" 2012 33.6833159874828 44.6463872882357 3.644807208386 19.6681947295305 106.156096100678 9.56316146554066 0.397332903002811 0.69426153038636 0.55628206679711
"Sandvikselva" "008.Z" 2013 36.4063138313351 44.5157016455096 4.07655964811574 22.747669778672 69.895460665987 10.6970312203677 0.406872131250978 0.702372789448649 0.548224791257529
"Sandvikselva" "008.Z" 2014 36.5141188345625 43.3162371176197 0 21.6826484655138 66.3331524066238 0 0.404579384480378 0.705006028374669 0.547588381297496
"Sandvikselva" "008.Z" 2015 34.9274611824495 44.0079833428312 3.95965571574486 20.1169274232141 84.4720584586937 7.68413883971092 0.406025431702057 0.69598178746075 0.549811907214576
"Sandvikselva" "008.Z" 2016 34.1906972362081 44.7923657890414 3.903281716773 20.8625645266153 53.9403901142013 9.86860067872706 0.392595405596224 0.703238014943758 0.557611673824715
"Sandvikselva" "008.Z" 2017 33.4966566705896 45.0444828089374 3.99156046041667 24.3750953796314 96.7886183810646 7.57688724222611 0.403798103301417 0.696828448369037 0.549908980641612
"Sandvikselva" "008.Z" 2018 33.0207005484753 42.4932803363244 0 21.9009575809901 97.4387845695109 0 0.396488406090196 0.705891737970591 0.549145267474614
"Sandvikselva" "008.Z" 2019 35.4054183295096 43.0074366393016 3.77302415252732 23.62230660098 60.0088055563968 11.5579986951081 0.405870852667688 0.689352591367397 0.543570029198598
"Skienselva" "016.Z" 1993 222.858892943838 307.852526091679 31.4609117460833 574.831114087447 955.49403267316 110.491718942244 0.550635661789853 0.706439598713807 0.547670795246565
"Skienselva" "016.Z" 1994 220.314614021497 339.906300247921 32.8725548974781 471.621015010389 1002.18072044155 116.74243247715 0.551017223983911 0.695662121025824 0.549733861954391
"Skienselva" "016.Z" 1995 211.981912550956 308.119039659645 32.3563609956187 691.743240616455 938.344499899678 110.246758024812 0.548787356904991 0.70687179182806 0.551215689874254
"Skienselva" "016.Z" 1996 227.159945490894 321.17145308373 35.7214985363016 530.732137857543 1049.44411437325 137.360400013299 0.554711449257904 0.707599435062877 0.545669939056735
"Skienselva" "016.Z" 1997 214.980037705892 316.948012696166 30.6078429864377 534.092861002092 1020.5012480177 117.34823824641 0.552524571376847 0.688319003576659 0.544948986232586
"Skienselva" "016.Z" 1998 215.024566092584 324.831251082568 38.1951407110644 557.526328157837 926.231040244075 129.999383575469 0.557346558880583 0.705056111129435 0.54261959162296
"Skienselva" "016.Z" 1999 219.247020638122 334.804154481977 29.9515306429989 558.153639857844 921.464513273839 96.2838752278756 0.540037334611291 0.704965637264895 0.551032889689267
"Skienselva" "016.Z" 2000 231.629229371196 338.206685352698 29.5498511033825 583.130055781679 971.129177505264 110.345998806926 0.555612396235503 0.699258796343537 0.54446643655702
"Skienselva" "016.Z" 2001 224.178094317897 326.673703484282 29.3290871603587 555.901537964793 868.471567808326 105.688253800456 0.556696849436362 0.697116189651782 0.546410172832299
"Skienselva" "016.Z" 2002 217.801429700536 327.255433277519 30.6144224445761 510.085370537755 991.48253060253 131.519755217548 0.548188352602557 0.693496403391682 0.551166318959198
"Skienselva" "016.Z" 2003 221.399233740477 329.8690281804 32.2245660485768 576.998123371549 976.890574091976 113.092120104964 0.552284213909627 0.696557545811899 0.558979754693978
"Skienselva" "016.Z" 2004 226.502752623381 334.689497612053 34.4777945889623 481.583981706673 1011.55701773668 135.460816560189 0.557265330150351 0.702903626165727 0.551364157667666
"Skienselva" "016.Z" 2005 221.873667444459 330.875618211064 27.9251991404496 534.294520561694 915.20168889886 99.7404143363328 0.546013742905891 0.692556445523048 0.5497218484074
"Skienselva" "016.Z" 2006 222.751371091642 329.935342024201 32.3763491174491 597.227071858034 1086.75198734008 104.184731760822 0.554565778976545 0.701111512492375 0.550237189524362
"Skienselva" "016.Z" 2007 220.764242112394 343.660685885118 32.2662061923694 504.891164634866 948.627170187082 118.865794800664 0.545943335325519 0.702961824842706 0.551318716466122
"Skienselva" "016.Z" 2008 219.6823144233 330.120732278548 30.6622927847982 564.111525485625 951.096598535947 118.800949233724 0.544719761366236 0.695805382904094 0.554352517062749
"Skienselva" "016.Z" 2009 219.931868781904 337.344990069496 36.0358585707677 577.957184042116 987.090151603308 130.382274471193 0.550341856303855 0.699756923917776 0.551724289717426
"Skienselva" "016.Z" 2010 214.566693290957 328.650161213686 37.3360556726173 566.841310135467 1139.6614629906 152.086009366922 0.550760405040488 0.707504753909963 0.552235289308379
"Skienselva" "016.Z" 2011 220.518520546679 336.631274924782 36.0298695133658 495.181169424013 935.367930120384 133.236754643355 0.555843585046078 0.695928982782197 0.548543478587564
"Skienselva" "016.Z" 2012 218.982204297216 338.469685767357 36.1056738599739 532.271193123412 913.724324447758 114.339302503266 0.549791620529522 0.693766662644832 0.548523293152076
"Skienselva" "016.Z" 2013 210.174355686194 331.750966830551 34.1521883178863 574.169219991232 927.573796061917 134.286042444616 0.543772270064498 0.695763824410274 0.557552046846835
"Skienselva" "016.Z" 2014 221.628118516482 313.500003051373 31.1223138054802 609.346366975689 862.324921797274 120.654030471063 0.566786914226356 0.701204467182948 0.55228618652509
"Skienselva" "016.Z" 2015 229.250985034462 323.780907714431 28.7957913624862 529.667721949425 1012.23786421876 111.884284843135 0.553044914656554 0.6981523689009 0.53963863089741
"Skienselva" "016.Z" 2016 224.900935112651 324.576094401808 30.959450232425 480.568782816398 1059.97663300263 107.495191519616 0.553987748421201 0.70472431612301 0.549018327382086
"Skienselva" "016.Z" 2017 218.1688864988 326.130450330224 32.2470525333651 506.293459639325 941.519507109454 112.998523379022 0.558682520547692 0.709935000696708 0.549353535491739
"Skienselva" "016.Z" 2018 218.969335127642 311.989846244271 39.2268746987263 543.282123682574 1000.99606677131 123.813987483972 0.548809088739379 0.70539109247197 0.552077309632751
"Skienselva" "016.Z" 2019 220.042524573 315.819082994686 32.3699870598831 570.404350018937 982.161525020108 167.008349758864 0.55853589062784 0.70662610382018 0.548908153611527
"Ĺroselva" "009.Z" 1993 10.0912723713476 24.5867255458084 4.4180832196715 4.55293601943833 29.1648837849947 5.31610785172245 0.405478510611359 0.70516857351127 0.557175431767434
"Ĺroselva" "009.Z" 1994 11.108466307396 25.5932823703007 4.33361711476088 4.36556341992983 23.1096982241505 3.91886433396775 0.39607897847347 0.68817126187474 0.543708966668206
"Ĺroselva" "009.Z" 1995 10.6232471566881 30.9221056576768 4.34895443952106 3.76383311424799 24.6134507665502 5.4066323283359 0.39772278506869 0.703074235316016 0.553870324142337
"Ĺroselva" "009.Z" 1996 10.905108127193 26.2154407601865 4.32961565269863 4.1986659908984 33.815358715915 2.85897851489318 0.403892893599741 0.70022041315194 0.556452939662307
"Ĺroselva" "009.Z" 1997 10.6039040134803 19.5410595831666 3.74313641327289 8.91281501836947 18.4516300847676 4.20361141822098 0.40522470303954 0.707639679457661 0.550403889299527
"Ĺroselva" "009.Z" 1998 10.3664959114552 24.5588859675263 4.39441872908975 3.86878876088894 28.0976096519393 5.58848419595753 0.402405166908791 0.699808657198134 0.549302341136219
"Ĺroselva" "009.Z" 1999 11.7332802177471 22.2416722580998 4.3956541655285 4.83401540598778 37.1304974433612 6.57900428636583 0.399236204998887 0.697379908531193 0.542349429610177
"Ĺroselva" "009.Z" 2000 10.9797234239405 25.7479614973827 4.39597242112904 5.31368449792203 23.9064845837354 6.19132407505015 0.405786672884565 0.702122066609282 0.552226064926623
"Ĺroselva" "009.Z" 2001 10.937177101657 27.7998728563865 4.61889002141197 5.19855950978007 25.269790685147 4.63223545461945 0.400621153447136 0.696908059073042 0.548338161870327
"Ĺroselva" "009.Z" 2002 11.2157091442803 21.9553752294732 4.44452694381975 5.4792609696556 29.5043530993102 7.44919079156519 0.405149717496252 0.70071314920709 0.546160859316401
"Ĺroselva" "009.Z" 2003 11.6705090165955 26.906264013389 0 4.86326100010125 19.2722948679368 0 0.399989820166763 0.710032282593509 0.55625674493184
"Ĺroselva" "009.Z" 2004 11.584148197036 26.7720916006785 4.29939316765624 5.5120086138367 32.820498696283 3.8757026632214 0.401434777506305 0.699926856630782 0.550781755613188
"Ĺroselva" "009.Z" 2005 10.7323973857435 27.0684369350645 0.537628754412526 4.98029140392519 32.4530252738399 0.344449319294783 0.398359938295759 0.703014705969153 0.551460361735632
"Ĺroselva" "009.Z" 2006 11.2764985142225 30.4785409469921 4.60785513261365 5.21754381499928 38.4569119307081 6.30267362976836 0.398366661471795 0.701344287472865 0.548318297323718
"Ĺroselva" "009.Z" 2007 10.7902751544079 22.7446395450718 4.27919344247271 4.53506077943464 39.4019383360761 7.31645794609229 0.407835497421601 0.705092698211667 0.54311185590807
"Ĺroselva" "009.Z" 2008 11.7970871502358 26.0621455871045 4.8174803464892 5.24035116806245 41.4211285990099 5.01644863753342 0.406849908257773 0.699782851062641 0.543066436430754
"Ĺroselva" "009.Z" 2009 10.6711444732191 20.0378108786482 5.33629481032098 4.03673501717567 34.5539924497424 7.8094675388953 0.394906504686316 0.701496530940313 0.553659070994379
"Ĺroselva" "009.Z" 2010 10.0154553973018 22.5801252303138 4.31918410270027 5.80911641007856 34.514789646862 5.21087802534714 0.40721506395532 0.701722199454143 0.552256224079281
"Ĺroselva" "009.Z" 2011 10.4956127174279 22.6367560248019 4.56909990439109 4.23100035416032 20.3735758498025 3.31128719687288 0.39222808775421 0.698430615090098 0.548437677599885
"Ĺroselva" "009.Z" 2012 10.8116887783546 22.5424177128741 4.21457655778221 5.35482738913932 32.1917606162614 3.90360379733202 0.401673617443085 0.702202366764046 0.543047488757417
"Ĺroselva" "009.Z" 2013 10.64298630355 28.6521247629546 4.16860827017542 4.79284144225657 26.9121978854268 3.69697013263727 0.394843831737208 0.6940040506565 0.55933208623063
"Ĺroselva" "009.Z" 2014 10.4751315709003 26.6331022127301 3.86278692827585 3.90998401037678 20.7169599415028 5.32468475789108 0.400587785714396 0.695603009526237 0.549289102396399
"Ĺroselva" "009.Z" 2015 11.2481150809261 24.6756914533864 4.50480064876927 3.73708179311638 30.0655046006511 4.65191910640236 0.398185023823238 0.698291980921313 0.544078523213072
"Ĺroselva" "009.Z" 2016 10.8670322113976 28.8790763971172 4.29020247983689 4.93822491908837 44.1958020690513 6.46557607257759 0.405423887438062 0.705697536370068 0.555050827019947
"Ĺroselva" "009.Z" 2017 11.3169566660887 29.2771595274598 4.02171724103893 5.58548475637703 15.1106366201631 5.92658776868455 0.404407720882786 0.700145595555658 0.548674303559365
"Ĺroselva" "009.Z" 2018 10.9930753008761 25.7592849906539 4.06267449584587 4.98800832116824 36.4070753707507 6.05271754236907 0.400976206013277 0.698935170031836 0.56021017654291
"Ĺroselva" "009.Z" 2019 11.1172010290293 24.9645469779571 3.55912789365847 5.94379171951898 25.0933398165371 3.45906039718584 0.409573303367261 0.713944436456039 0.545238556691752
"Audna" "023.Z" 1993 373.438045769393 374.652369711089 25.142161429599 225.221263518347 359.366126087886 19.6774342044245 0.393829867451905 0.700996684610201 0.545115429541576
"Audna" "023.Z" 1994 382.186799621394 370.534778426201 26.1570665902638 203.458802194226 421.570514494384 30.7261611162006 0.402266981250282 0.701892170002309 0.546779459878565
"Audna" "023.Z" 1995 340.533429307894 387.801896713571 25.7027312468153 224.643930777115 427.816083558975 23.585456281765 0.401234670534742 0.703424313203047 0.549165027077875
"Audna" "023.Z" 1996 369.086531742776 373.267845811162 26.1069001567865 203.305761427609 414.979218595893 20.7749565800869 0.400439291681825 0.702231136801366 0.550553440636994
"Audna" "023.Z" 1997 354.875207625858 359.921306305227 25.6125321142475 217.202801416951 303.642484184524 22.0457263193514 0.38915938951272 0.702262942884384 0.547268470321875
"Audna" "023.Z" 1998 366.536336727971 368.057928200615 25.0232682782578 211.64777326067 405.196161045618 19.8784762435258 0.408022096354728 0.69309564679594 0.539524768513682
"Audna" "023.Z" 1999 357.596927052614 354.730726122755 24.8114651399792 215.76610395713 494.164186474966 21.494635569873 0.396329419245521 0.698255620468474 0.541201201244723
"Audna" "023.Z" 2000 347.714188063583 374.061023683041 25.0720726482153 211.984796032412 335.709862556028 19.6809402221262 0.400131401684216 0.696260668525517 0.551508569817774
"Audna" "023.Z" 2001 368.021964085511 377.080948847446 23.9194363931167 232.126284116504 314.471394857932 18.4414801207024 0.406097223482997 0.697447726646602 0.551443749321185
"Audna" "023.Z" 2002 360.710508712391 371.100997196365 23.984865589359 252.506955193184 376.993143117585 23.6763022193409 0.401463853567445 0.696485582316472 0.556770403893277
"Audna" "023.Z" 2003 375.064201463686 371.964420381806 26.3386226613113 238.910196088846 388.343019451692 23.1351818959933 0.40455394028711 0.70474890722454 0.545660554857303
"Audna" "023.Z" 2004 338.812241531084 371.440262972204 25.2435062928716 239.897838279345 276.739299356037 21.4031154588426 0.401973314912262 0.697856120055519 0.549275264220787
"Audna" "023.Z" 2005 361.165157043924 356.087743940718 25.2353774529746 224.984075959457 427.144996584607 21.8844669750023 0.400111810336248 0.695685403535927 0.55145923671595
"Audna" "023.Z" 2006 370.016483504898 390.127352539629 25.7948610772637 222.678022323598 408.873079762642 15.2321652324646 0.389390603020586 0.694526497060204 0.547600632366799
"Audna" "023.Z" 2007 359.568563949777 394.68859370782 26.5969668399886 217.841820599051 356.542146414206 22.1609454099382 0.395067580219965 0.702389605566051 0.549395337486626
"Audna" "023.Z" 2008 361.460504714143 366.382010507586 24.7294068779589 250.125343306083 393.345609928673 29.1268915139096 0.404346073988519 0.716191146681205 0.549095009911007
"Audna" "023.Z" 2009 355.099425099712 374.431189982191 25.6060518392968 178.194207311056 470.114538051042 29.7258186708753 0.398244637019793 0.700521600288973 0.553344175670369
"Audna" "023.Z" 2010 367.914705094673 365.233745464752 25.8614535991702 260.258517386998 341.777470887462 28.1863640006508 0.40083922773879 0.693080003896478 0.553798860517887
"Audna" "023.Z" 2011 355.468040609805 378.196600448071 26.6227129811295 202.385087562681 396.02038126778 31.5268923960679 0.402461369489687 0.702420228673811 0.549686820428834
"Audna" "023.Z" 2012 366.247657274994 357.611944693953 24.5935129439321 234.544108199872 353.441735317639 19.5785072216051 0.40021570346124 0.708491347275794 0.548321280117994
"Audna" "023.Z" 2013 366.95386654861 389.504335855567 25.7331773856169 225.070498219234 349.641138546702 20.6624634773703 0.403098511332178 0.695285379452305 0.559416899687324
"Audna" "023.Z" 2014 359.968315588868 361.073455732 25.3146110153483 254.464310926172 314.956206245889 19.2040122015394 0.393509786829404 0.692085809677507 0.546684321705671
"Audna" "023.Z" 2015 368.290766972733 379.601744413493 27.1319819835731 269.73746935252 295.742042698782 27.1776969649509 0.398731000590146 0.699021601856296 0.547740285828595
"Audna" "023.Z" 2016 353.78802865089 370.127567003742 26.66887795054 189.09757288201 372.920873439771 24.3179131492324 0.395762668200167 0.703857525782727 0.555194839711905
"Audna" "023.Z" 2017 354.444472903649 376.887445307567 26.2355765683589 238.912575958423 358.680183978624 20.3104649285332 0.402000524781273 0.701193266857688 0.55359211270334
"Audna" "023.Z" 2018 352.741464239468 369.855143937375 25.399673550457 230.314163126779 346.160482528344 18.0639296606191 0.399439533728611 0.705015268737927 0.548253071612678
"Audna" "023.Z" 2019 371.572038836873 386.828505890707 24.5331125471731 185.701588279689 301.034291290507 18.3220053950731 0.398193743391642 0.700874651894979 0.550811282471634
"Kvina" "025.Z" 1993 108.41000510711 274.02866598705 79.2228784607591 116.032437526041 488.544121576758 227.483198198966 0.405273118928624 0.699351074077252 0.556580740474968
"Kvina" "025.Z" 1994 101.363884994844 276.057439558506 84.4247194441918 130.621544334048 435.397075839183 249.137811234133 0.397288521775309 0.702418038353792 0.550317773668201
"Kvina" "025.Z" 1995 110.396892783068 269.237973987974 84.9754783064752 132.136405667315 399.482853062306 162.935060927547 0.398439869767428 0.703972559547987 0.546890567514115
"Kvina" "025.Z" 1996 108.091823282482 266.588661071915 78.3339170844806 110.617337389606 534.641026704749 204.601810429902 0.39581091030154 0.704601897870511 0.549754564691457
"Kvina" "025.Z" 1997 111.232826985366 258.410322679062 80.366062767456 120.587117818517 701.893918147782 202.861228527813 0.40665035559698 0.699607752096202 0.550026169911655
"Kvina" "025.Z" 1998 113.989299269467 287.605376284513 81.8664808616154 129.546616527401 612.027522125524 173.105669127631 0.400177219827818 0.704148451172773 0.548175162186315
"Kvina" "025.Z" 1999 106.049009152159 258.484847499197 82.2021916519669 132.256799291674 449.59572936483 229.243128276961 0.406874426248642 0.699271179236323 0.547459370963515
"Kvina" "025.Z" 2000 111.955597688602 279.995149087705 83.3969620352128 123.532590141352 647.368104214846 205.773942264189 0.394614467956442 0.706485202880008 0.554959940703216
"Kvina" "025.Z" 2001 102.836808609185 267.505825246165 75.9592299677628 120.166150018892 605.361135465462 196.221003018956 0.399880578315719 0.700283595275234 0.550846720983967
"Kvina" "025.Z" 2002 110.306968543394 286.203232721111 80.6227261331035 132.857210311082 449.58618057601 250.52124172914 0.398128967412386 0.707084796292005 0.553648138707731
"Kvina" "025.Z" 2003 101.222420238833 264.848544099308 78.3129039396934 118.176874383091 647.488378710054 317.018474642047 0.399574619277843 0.705251210698513 0.552430290303692
"Kvina" "025.Z" 2004 107.382977352071 273.508144432581 76.531333652517 141.527689733259 521.39732806302 216.937886195652 0.410440690686272 0.701300423104003 0.547954098944532
"Kvina" "025.Z" 2005 104.682688486427 260.744256511988 79.899373643697 143.244689765267 640.360193678931 186.570604181264 0.397145130742545 0.697029238244271 0.550830767957418
"Kvina" "025.Z" 2006 109.400395008889 260.458111360151 83.0699618250546 143.1634058448 627.498750787783 208.85709816084 0.404702305180832 0.699472195146978 0.543920786570141
"Kvina" "025.Z" 2007 101.101005654411 284.294977982604 86.8562863251307 124.146929783012 465.795709722092 215.705600293999 0.392230291045371 0.691962372777428 0.544006293451538
"Kvina" "025.Z" 2008 102.959869295377 264.114291613886 79.6834003562517 135.245979956036 531.379111008289 275.32354180535 0.393903160263843 0.702226201070595 0.546018342946179
"Kvina" "025.Z" 2009 110.827262103103 260.297829211539 81.9372142832673 121.4141742165 543.538461741255 221.750167865965 0.402586105428905 0.708929975345569 0.550808211811432
"Kvina" "025.Z" 2010 107.570760907316 281.263739243916 87.3992121997833 135.288443537601 528.077100808347 207.124706287106 0.398085819405187 0.699591131697389 0.546834738298849
"Kvina" "025.Z" 2011 113.757726834734 278.094422841406 86.3983567410587 128.339406646036 627.596335234979 249.120756562332 0.40632229886506 0.700385524500857 0.555376768851246
"Kvina" "025.Z" 2012 112.827505486247 268.576067864279 72.3002819538866 151.131000225166 546.975264032318 248.070314965655 0.400413177507335 0.689496876781809 0.540554781180389
"Kvina" "025.Z" 2013 113.077991348508 280.639077735058 77.2847842698408 114.24677848008 489.320925664463 238.318980211852 0.402630660454362 0.696959494493545 0.547471907460502
"Kvina" "025.Z" 2014 109.365817933103 296.045258271594 85.7372274659093 126.66930516808 616.393905559553 213.179927888298 0.4039157970893 0.697173428602019 0.548979410338388
"Kvina" "025.Z" 2015 108.626402597637 275.244225169674 84.3694906146372 151.342278190532 525.158034933901 238.82701553606 0.40086321037548 0.695242373423025 0.548830935421172
"Kvina" "025.Z" 2016 112.192964811552 287.862988830892 82.5639708068877 143.623706683059 529.515142189516 242.557858197995 0.404175281184179 0.706591410552801 0.549271359371811
"Kvina" "025.Z" 2017 109.165436925058 276.590384726666 82.8704240143029 133.289933854267 604.866088892475 243.991710190275 0.399030480541439 0.70466451879546 0.551411401653851
"Kvina" "025.Z" 2018 110.551559803256 287.562098498405 83.9805829245914 132.06887842132 659.782772114652 239.727746873747 0.40610675789265 0.694285862089171 0.550925096314678
"Kvina" "025.Z" 2019 111.887863116285 287.46626610458 77.2425811338864 150.536625504729 452.046360009779 218.121493838323 0.405333643561544 0.703924414697722 0.536417902757299
"Lygna" "024.Z" 1993 192.984595504605 201.382902084028 15.4550488220777 143.258123364504 292.971401450265 44.8652905901503 0.406628340585114 0.705957924007109 0.54783032122229
"Lygna" "024.Z" 1994 188.025742756889 190.652465398204 19.0015489691291 147.131897468084 317.965542360445 41.5941470515522 0.39627971347274 0.697006249051657 0.549095688776215
"Lygna" "024.Z" 1995 187.969814828276 186.621605475385 15.3178271135919 139.430584281268 380.370125684752 52.1862592759285 0.404324063849714 0.694164743641255 0.546738045056097
"Lygna" "024.Z" 1996 176.965873107201 193.069086920949 16.6948428559336 141.039863185138 315.85071795278 42.3018615635081 0.389186132613794 0.703697761354197 0.547520748640044
"Lygna" "024.Z" 1997 190.91070665788 185.037701536359 21.6739381588642 146.024401198178 301.285653347031 67.9329618112327 0.395651919805383 0.706204922024895 0.542536045268821
"Lygna" "024.Z" 1998 179.590453728527 195.92458467521 22.9390563700233 137.198774180133 285.84806232318 51.5728359978094 0.388869352031824 0.709438629158714 0.552527421374468
"Lygna" "024.Z" 1999 185.175705766773 200.475974987572 18.0133892422649 171.600932080224 312.020491239551 48.1097292619915 0.412734878089715 0.699301277143945 0.551999644134193
"Lygna" "024.Z" 2000 184.188755828112 184.219147094544 21.5989718225838 148.610774027785 261.173513502693 48.8834204783681 0.3893634733722 0.705932132890039 0.539458924902318
"Lygna" "024.Z" 2001 190.060925914084 191.422353471154 16.1977189396759 139.683583924044 289.219019092421 42.6867511452551 0.398090293308933 0.702332803410723 0.542609619000477
"Lygna" "024.Z" 2002 190.478084945713 191.249795960253 21.0242091013893 158.724261452925 288.250491213118 53.1674681179345 0.404993236957548 0.698894037022511 0.544725684403041
"Lygna" "024.Z" 2003 196.41916738739 196.677616391689 17.9053851691368 152.91067998475 282.816778449669 37.6303889202936 0.395677185237 0.70332749395317 0.551663703723508
"Lygna" "024.Z" 2004 186.328227146956 199.298002795647 14.6942664691119 166.145173392494 294.362008565382 35.5168264189345 0.399406495982724 0.716146234060406 0.541196024869452
"Lygna" "024.Z" 2005 195.682112852218 182.091534480541 17.9534877531616 154.85221125363 289.440171890893 46.1110154223034 0.406923601210675 0.700031894245243 0.555501338633887
"Lygna" "024.Z" 2006 192.758443000326 182.29254640521 15.8035257737016 158.985217289997 246.548946591371 40.4398076580351 0.406527782947713 0.706116206326981 0.546966247309732
"Lygna" "024.Z" 2007 182.950638180637 193.672862200438 19.0807264623401 151.668713543627 336.13957893285 51.5349171350902 0.40095752100608 0.706848299007881 0.557989572990352
"Lygna" "024.Z" 2008 183.871752053393 186.484648934371 15.6815818043114 149.960047187386 325.931890859543 40.9440897272389 0.400048451376124 0.690824222220609 0.554000688673496
"Lygna" "024.Z" 2009 196.621997169297 195.776411881145 21.9654153647437 178.055717594796 293.389173937216 46.8978196993945 0.397454976661198 0.699027735067734 0.544030300108349
"Lygna" "024.Z" 2010 198.067549848905 190.571410650518 14.3852003618508 145.74867295235 272.584773840313 52.4535476937068 0.407993838977349 0.705090943706413 0.547376310667701
"Lygna" "024.Z" 2011 190.205629923457 191.935315447824 17.8283983194061 129.382336915573 292.784952156385 38.0327434813824 0.394779003989666 0.700230527055119 0.551639694609333
"Lygna" "024.Z" 2012 174.843696582666 185.242193125092 21.6023151722503 133.747185046058 321.033668244946 35.4077736636836 0.396044682760518 0.704581016416631 0.550857330457285
"Lygna" "024.Z" 2013 181.426799498511 174.944339920619 13.1557238808646 120.152155993932 290.230385603981 34.0519841444449 0.398610757945803 0.70619973766587 0.553257600647999
"Lygna" "024.Z" 2014 176.936962019107 196.618872580891 21.636213942296 164.208344622834 248.592409561124 48.0093625780865 0.408654929108669 0.709020145394977 0.546397536710356
"Lygna" "024.Z" 2015 191.469367939148 187.825588945071 15.3500651753538 154.282437751119 254.811334549787 42.1205163563052 0.4039503156631 0.69782119171568 0.546850077167629
"Lygna" "024.Z" 2016 179.023344697428 188.542922657245 21.5443318544852 139.496275845426 308.400486181341 35.0219996667791 0.400345395543516 0.701721792333318 0.558036170030183
"Lygna" "024.Z" 2017 199.497805295209 198.262345350779 21.5908615158858 191.578578060712 285.665292749805 78.6709294816428 0.405088124584792 0.69896076324951 0.54216621991401
"Lygna" "024.Z" 2018 197.106036603971 188.288768707349 15.2683302544247 166.971695978648 329.777347977483 46.3880259101398 0.405648794537081 0.698491519561698 0.541304492042255
"Lygna" "024.Z" 2019 194.512318145863 192.872324979095 13.3191228726312 169.704088486799 368.971997726796 26.6379783376461 0.399555672913281 0.703361075359817 0.553328682927214
"Mandalselva" "022.Z" 1993 1291.99090236713 2000.08885332559 252.280461351937 1601.06494319583 2988.97117660634 353.954254869425 0.543804624661926 0.706920163308985 0.543343850661213
"Mandalselva" "022.Z" 1994 1268.33032051819 2040.4576981866 257.616383819337 1806.78571978336 2847.62331224451 446.124796315869 0.541636754036293 0.709980059776376 0.549774181101673
"Mandalselva" "022.Z" 1995 1262.30789049796 1914.70458733003 259.547228621587 1637.53898760448 2925.43304205258 382.410043175111 0.551430357828739 0.702334855288756 0.543562697814753
"Mandalselva" "022.Z" 1996 1237.76464909623 1911.20684321979 252.102738072879 1596.99126255508 2715.01464729502 402.884360939914 0.538779962506222 0.702436893254276 0.55540375377298
"Mandalselva" "022.Z" 1997 1287.84347401426 1953.1975318772 261.461146349652 1728.36698272554 2884.62270526144 442.569767015653 0.552174585538384 0.708806690021638 0.544147804125321
"Mandalselva" "022.Z" 1998 1294.81212207247 2000.17227057739 255.180605945009 1720.07811480283 2974.24672058817 378.313592223158 0.548096421994002 0.706661920753704 0.54804586843419
"Mandalselva" "022.Z" 1999 1292.81723564373 1930.25867234695 259.352617691966 1521.81506220244 3096.98484731257 392.209423184428 0.545336112612069 0.705104984144667 0.549344975356947
"Mandalselva" "022.Z" 2000 1231.87140679348 1928.92346096964 261.701332184891 1461.53015320066 2728.09635874341 394.689468165078 0.551977473173201 0.705674360083166 0.540673428764764
"Mandalselva" "022.Z" 2001 1352.88496130593 1965.27282478719 267.483707265655 1514.73649539822 2568.02018989247 393.483779839997 0.566895790215465 0.695346786918998 0.556180636835299
"Mandalselva" "022.Z" 2002 1293.08586436607 1944.79922135288 253.173916358554 1659.34904092589 2843.42087052458 439.023787620886 0.540659476214766 0.701070474710308 0.552538711888623
"Mandalselva" "022.Z" 2003 1320.242749037 1933.11444791707 258.685296922817 1709.96802884684 2506.69076269799 472.62400133912 0.545515083046339 0.69553112199993 0.546199541303025
"Mandalselva" "022.Z" 2004 1259.92170335766 2006.48327807554 255.631609028747 1776.24862328573 2862.20685946127 519.483663036768 0.547375887920952 0.697198588293348 0.540251200375984
"Mandalselva" "022.Z" 2005 1228.95950532274 2014.71151788745 259.150825706301 1683.87326280908 2812.59979842744 329.899928038287 0.552614958234062 0.699525842295745 0.54654481516272
"Mandalselva" "022.Z" 2006 1346.93262063971 1937.78209223378 244.588328336562 1813.43033212396 2690.61543243552 365.127284871798 0.551808585406181 0.701272597700862 0.550714881359718
"Mandalselva" "022.Z" 2007 1274.811843481 1930.31384586439 255.835549865158 1623.9461008801 2988.01888455421 426.801599012058 0.549170853367802 0.697020636099792 0.549067472430187
"Mandalselva" "022.Z" 2008 1263.3053960413 1992.91067344036 267.846508137258 1724.21857163252 2510.49083151112 492.602682490314 0.548235817321674 0.696294773102654 0.544403471823696
"Mandalselva" "022.Z" 2009 1221.75550315359 1907.45234063885 244.567756843575 1574.20672914364 2585.75616660115 406.208570865258 0.554926160120637 0.701406107851275 0.550048283738878
"Mandalselva" "022.Z" 2010 1286.59208571942 1915.76639178312 239.37799870897 1440.3502184779 2477.07659835987 410.471522342107 0.547327423286337 0.694578390374152 0.544322376616637
"Mandalselva" "022.Z" 2011 1341.11188713129 2001.74454618588 265.282854464951 1359.51887535073 2910.91901193918 343.63417424616 0.548985287616087 0.70541669668184 0.553326267433727
"Mandalselva" "022.Z" 2012 1275.48481266182 1929.83977809346 242.506194813935 1552.3509741469 2905.84730187392 450.030352441542 0.543050298954874 0.700640400890761 0.545754386176612
"Mandalselva" "022.Z" 2013 1215.91418491971 1979.41575170125 233.070430893996 1741.3750291662 2624.99168645397 454.917615608757 0.548029469362635 0.697432575157228 0.551591327255685
"Mandalselva" "022.Z" 2014 1250.3314803809 1983.6255844663 258.375464782047 1640.09816714572 2854.57593569691 407.915862328639 0.547245158047851 0.698982608544575 0.549503694715039
"Mandalselva" "022.Z" 2015 1296.42463818341 2018.97498588236 237.784535062249 1493.53339109308 2735.86783415291 362.62318335517 0.546319806677324 0.708204204164381 0.553374732924556
"Mandalselva" "022.Z" 2016 1237.36651990859 1956.82630082881 261.84984835994 1607.74238769603 2490.49417654456 389.417910759001 0.547542856499164 0.701302079005091 0.541282209592427
"Mandalselva" "022.Z" 2017 1301.38643380116 1954.88829558251 257.040138062814 1659.88879404069 2717.34607428457 418.324582447931 0.564825929598473 0.696749918631561 0.547012320446991
"Mandalselva" "022.Z" 2018 1302.01539454336 1954.23136264295 259.567612814141 1648.31148522457 2620.75101875414 443.017545161535 0.542550964329751 0.70213907148586 0.54903545253774
"Mandalselva" "022.Z" 2019 1229.86407740542 2070.44209128155 230.390167433766 1922.1057499329 2906.53833364135 501.399744062814 0.546337014974877 0.696144286898606 0.557065734477167
"Nidelva_i_Arendal" "019.Z" 1993 137.930634298844 72.8759804088297 4.2536325906226 366.48473440238 298.144510974283 11.7670382243081 0.551616879217675 0.692564330305242 0.551045621696317
"Nidelva_i_Arendal" "019.Z" 1994 128.850710795311 82.9395113534094 5.33068624415571 332.793564691555 316.375333466612 31.1081977956613 0.545123770081887 0.701191507173481 0.547440575754455
"Nidelva_i_Arendal" "019.Z" 1995 135.501733222346 79.8099084226791 8.63935934928792 348.289131293244 327.78172540261 17.0675895488213 0.55198640300335 0.700314241457063 0.54782499583075
"Nidelva_i_Arendal" "019.Z" 1996 128.429921107117 71.9542806987276 3.68462313955678 383.400310964295 262.34869126044 6.74243346965018 0.539634121124114 0.702072718446737 0.552058111894894
"Nidelva_i_Arendal" "019.Z" 1997 130.608275599496 79.3530685036551 4.35132511907883 363.701450311793 331.869195704089 15.5711844296234 0.542904135241356 0.702353182684562 0.554056233649278
"Nidelva_i_Arendal" "019.Z" 1998 133.598237632312 81.7984777644115 4.02355592651456 399.542008237711 304.916135031277 21.9155510321032 0.553547290447294 0.70301419139147 0.54660915472539
"Nidelva_i_Arendal" "019.Z" 1999 131.340267513975 81.0719910220785 4.22783678786104 353.368123914727 263.818856168233 14.3501110755937 0.557340655147641 0.69417311857821 0.548334448337486
"Nidelva_i_Arendal" "019.Z" 2000 132.423421094655 82.7015763051497 5.41939772025249 315.784220246017 371.827174580828 33.2367668525067 0.55327817061356 0.692337339825401 0.545680277337273
"Nidelva_i_Arendal" "019.Z" 2001 131.606155374537 78.2934939395764 4.48737301137836 323.072549634796 320.295793036391 10.9433931581159 0.547031757224376 0.708378224431032 0.539385696323166
"Nidelva_i_Arendal" "019.Z" 2002 129.48783899177 85.8039330000193 3.66176853773714 349.195132895761 313.019030982091 5.38326519196556 0.555331039651865 0.701418039145988 0.547913457425416
"Nidelva_i_Arendal" "019.Z" 2003 128.636911343575 81.3356569759437 4.28866536266091 345.842031335975 366.204322843933 9.11933813759073 0.554984353226869 0.704534795271939 0.543205519939324
"Nidelva_i_Arendal" "019.Z" 2004 126.518258401463 69.1189912352778 4.84189022400604 342.984463177156 309.805165581113 21.3122713324479 0.547823354656769 0.700601328685417 0.550099073006031
"Nidelva_i_Arendal" "019.Z" 2005 124.802525740549 80.9110320507671 4.15731903869319 351.117092381445 296.443011669962 11.2127999488647 0.550592472662641 0.697985453484008 0.551721429620455
"Nidelva_i_Arendal" "019.Z" 2006 129.189433588093 80.9649538410429 3.85528474824442 379.457620557746 297.372264773827 7.10834533284682 0.541688304981596 0.689192648037215 0.540159259248066
"Nidelva_i_Arendal" "019.Z" 2007 128.219652156267 79.7536775259996 3.76056786229059 358.52064800269 311.666141012599 6.3308541752455 0.54898477727599 0.70184358181111 0.548604272639051
"Nidelva_i_Arendal" "019.Z" 2008 125.945576659612 74.833606572895 8.25065699437327 359.103742571215 280.181258513825 19.80485067094 0.552135903445434 0.695717160439183 0.543357619473428
"Nidelva_i_Arendal" "019.Z" 2009 123.755390385065 79.1389868408771 4.76887235108211 344.022461912434 303.339091834198 22.6866249024597 0.543422319031378 0.691797087264413 0.548600372972037
"Nidelva_i_Arendal" "019.Z" 2010 133.593898592346 75.3846507605452 4.78657279593218 330.466652265144 366.357491850295 17.3334975398119 0.557932632967462 0.696846838503556 0.552059556269395
"Nidelva_i_Arendal" "019.Z" 2011 134.569546826215 84.8842629899194 4.35855798257969 349.96757076204 335.278961987151 8.03812113134047 0.548758129136914 0.702405299431389 0.549181688187917
"Nidelva_i_Arendal" "019.Z" 2012 128.30516217311 81.1769411030002 4.03836461670817 356.898507229323 329.997878930761 11.2277493872573 0.547732038795847 0.701662629761546 0.550232560023942
"Nidelva_i_Arendal" "019.Z" 2013 129.975684848236 85.5590741235971 3.95020636641429 337.940819767514 330.557020181364 6.70813680993299 0.550327289570812 0.701548382834472 0.54954061117793
"Nidelva_i_Arendal" "019.Z" 2014 135.069371122703 89.6468034336752 8.4432233832087 352.427834779352 357.970744939846 35.8635779533556 0.543152920454877 0.710597717296454 0.55719226616949
"Nidelva_i_Arendal" "019.Z" 2015 133.390724948184 64.9910905898807 4.00649508218422 361.837288051829 251.233522398572 31.2481312200586 0.549781413811254 0.714197905317946 0.555411021198281
"Nidelva_i_Arendal" "019.Z" 2016 131.61158299285 73.6560936855821 8.47024095536061 350.137866315953 357.726537961075 22.074376024029 0.549203466651881 0.702316133996818 0.553338838731205
"Nidelva_i_Arendal" "019.Z" 2017 127.554707028294 82.4191155763423 3.70984714541936 356.362109235378 355.599753916033 8.42555312876295 0.543537846747269 0.702749487723069 0.547689005407295
"Nidelva_i_Arendal" "019.Z" 2018 127.472399541188 74.9414063199167 4.79079486758977 337.473548546846 292.516868182362 20.8034296234287 0.549157923493607 0.701342855011893 0.546658908574124
"Nidelva_i_Arendal" "019.Z" 2019 129.811228382154 69.2487537822053 7.92234170691602 339.830009112543 307.492936857023 28.941335261452 0.541183369577401 0.699653714862381 0.545728597511632
"Otra" "021.Z" 1993 656.07092366397 1295.04045170299 188.382083361784 832.949293161434 1707.96509972036 309.036670056686 0.394288811235629 0.703047938249312 0.550200820963343
"Otra" "021.Z" 1994 659.085902007195 1303.20266492838 166.021138777284 767.955036405087 1929.79375919549 282.449071923871 0.40251609664713 0.699849773982528 0.551339074022806
"Otra" "021.Z" 1995 667.903141585454 1212.33569607611 198.246830141895 797.634695470216 1658.57743825489 294.0650711824 0.398026898081652 0.689065305325983 0.542623069975212
"Otra" "021.Z" 1996 690.374414828889 1308.57577005271 160.390882109424 799.680670207207 1876.49197009149 315.434321514642 0.406558532327342 0.697926875313594 0.54388748531262
"Otra" "021.Z" 1997 650.811947643054 1291.71330764638 191.764673650546 982.536876897318 1633.37746406915 316.187108762736 0.40079540565524 0.699861038494606 0.54631397781694
"Otra" "021.Z" 1998 616.759780948438 1295.03443257042 188.982814756688 735.586502101567 1770.52438571314 256.601689050393 0.395153196178057 0.702809512758113 0.546357263084539
"Otra" "021.Z" 1999 629.39748353021 1285.7715217747 177.149774062201 840.922856420091 1802.67196483652 295.980272721943 0.396970792111822 0.708931972793008 0.55299622649152
"Otra" "021.Z" 2000 588.238969454546 1350.5019787738 148.269537504627 747.548942782032 2096.29434356607 272.932464330589 0.398235480111556 0.707910100752719 0.548045966747469
"Otra" "021.Z" 2001 661.107460674453 1244.08291106703 164.531813279962 831.703309064793 1938.3157779924 300.337182224639 0.39883977936897 0.707169433686533 0.55151289832933
"Otra" "021.Z" 2002 661.587811204397 1293.75303555245 200.780274256845 843.035123521098 1727.30636230348 309.081113001552 0.396379327737353 0.696152944497849 0.547536472295638
"Otra" "021.Z" 2003 614.409166647444 1196.73657186098 209.876168821126 764.918823441085 1832.79531093867 309.358553987274 0.402552113136919 0.692147039771105 0.551506479454383
"Otra" "021.Z" 2004 626.46780285002 1276.76576288537 174.696072579647 734.933189706502 1664.64104289215 329.572656966708 0.399087081150642 0.696552472437919 0.551599806914312
"Otra" "021.Z" 2005 648.501306620231 1307.36742109338 162.628580591825 849.899339035156 1849.38076809084 265.33420082104 0.401046113167686 0.694928700807018 0.552788488164598
"Otra" "021.Z" 2006 666.923664998355 1214.5510031785 195.630829858159 805.370905253053 1765.76004411695 274.886085797426 0.404255954760203 0.704379626933916 0.553472894110362
"Otra" "021.Z" 2007 641.909929505001 1284.62840381142 172.286526990294 792.455111367247 2082.13604857419 284.279689252578 0.405654441699954 0.705523201390264 0.540629778535684
"Otra" "021.Z" 2008 664.047220657545 1292.57439838362 151.638520271715 788.040852078254 1892.7404275333 235.733013121264 0.405099484361929 0.705085891780866 0.549790231661411
"Otra" "021.Z" 2009 623.319721883227 1285.99818898058 165.00065161318 777.989454094553 1855.85318211574 277.613470460218 0.397650610871542 0.68879840606421 0.553496303874746
"Otra" "021.Z" 2010 633.33519272463 1338.45273508567 206.75320104453 808.966672290082 1707.3536561009 314.37605850459 0.389348867566189 0.703080438620318 0.549813952484132
"Otra" "021.Z" 2011 660.813376678001 1272.93668106258 160.265919082599 761.094913594006 1733.0848754066 339.490206620848 0.39951489288362 0.705142943963529 0.553422957813477
"Otra" "021.Z" 2012 657.151038534427 1292.00020338212 205.247781449461 830.530646382387 2092.61634986244 314.365667275699 0.404807844032665 0.699847537650451 0.540965298746313
"Otra" "021.Z" 2013 643.010212525156 1283.86370588786 202.254248330385 697.137319427924 1595.19168277615 235.313136848571 0.400002190704952 0.706366531428016 0.548363865966789
"Otra" "021.Z" 2014 684.783803073671 1285.38512107162 196.70128500071 742.414707017139 2060.94894968352 317.407717523025 0.40667536321235 0.701204560633972 0.543200028992022
"Otra" "021.Z" 2015 664.755381622266 1298.67567897522 162.009021788287 726.190305258266 1929.26089996747 320.916015765213 0.389045510695326 0.705711048294922 0.556485035245766
"Otra" "021.Z" 2016 669.847481912759 1284.62251665174 192.427629105969 750.441044064599 1865.58001210452 288.56938475946 0.397098833535868 0.703648455880738 0.560622463101083
"Otra" "021.Z" 2017 653.042260576628 1270.24257899438 138.741478294172 818.043550590113 1630.03855493979 282.796643863281 0.401456394141932 0.699148713152793 0.547162982712189
"Otra" "021.Z" 2018 688.160462478714 1250.23503852912 142.068237771285 755.331140956843 1931.95713490684 390.261314449392 0.409210146199517 0.701984323016903 0.55191966900344
"Otra" "021.Z" 2019 607.693090447897 1282.48204225787 174.584512551399 828.465702866242 1778.8228008606 369.129300161373 0.394358321822091 0.704344410799845 0.558131608484202
